"","X","date","mod.flow"
"275",275,"1984-10-01",91.14283628252
"276",276,"1984-10-02",92.9628893215684
"277",277,"1984-10-03",82.9075902279828
"278",278,"1984-10-04",76.0969334072805
"279",279,"1984-10-05",71.9276184853771
"280",280,"1984-10-06",69.0534205034572
"281",281,"1984-10-07",67.0257974536725
"282",282,"1984-10-08",65.0910103943503
"283",283,"1984-10-09",63.0934221911317
"284",284,"1984-10-10",61.2810900209797
"285",285,"1984-10-11",59.3981997800111
"286",286,"1984-10-12",57.7344007387711
"287",287,"1984-10-13",56.1464191225332
"288",288,"1984-10-14",54.5816306352547
"289",289,"1984-10-15",53.0279753401286
"290",290,"1984-10-16",51.5396973612688
"291",291,"1984-10-17",50.3200031137766
"292",292,"1984-10-18",49.1288507936967
"293",293,"1984-10-19",47.8690352590113
"294",294,"1984-10-20",46.6033356921024
"295",295,"1984-10-21",46.0941817090969
"296",296,"1984-10-22",79.7067236362921
"297",297,"1984-10-23",84.3173914168738
"298",298,"1984-10-24",79.9296399107163
"299",299,"1984-10-25",74.5238439565554
"300",300,"1984-10-26",71.8209500783526
"301",301,"1984-10-27",68.5617158865301
"302",302,"1984-10-28",66.6064529920035
"303",303,"1984-10-29",72.6076443346057
"304",304,"1984-10-30",80.8520455072792
"305",305,"1984-10-31",76.0206791719895
"306",306,"1984-11-01",71.7998869390099
"307",307,"1984-11-02",68.9506993055841
"308",308,"1984-11-03",66.467631778221
"309",309,"1984-11-04",68.8398720955599
"310",310,"1984-11-05",72.2283593795056
"311",311,"1984-11-06",78.5535695511267
"312",312,"1984-11-07",76.2780321296818
"313",313,"1984-11-08",73.4406695517408
"314",314,"1984-11-09",70.9168011150269
"315",315,"1984-11-10",69.2625497716411
"316",316,"1984-11-11",112.140176875758
"317",317,"1984-11-12",115.072016437163
"318",318,"1984-11-13",119.698191174581
"319",319,"1984-11-14",103.923200915717
"320",320,"1984-11-15",92.6883442490094
"321",321,"1984-11-16",86.3334822061588
"322",322,"1984-11-17",82.3894448449909
"323",323,"1984-11-18",79.6585502071919
"324",324,"1984-11-19",83.9141243215428
"325",325,"1984-11-20",85.5031569646422
"326",326,"1984-11-21",83.9530017178301
"327",327,"1984-11-22",81.7549835471793
"328",328,"1984-11-23",79.5731639093215
"329",329,"1984-11-24",77.4839230006311
"330",330,"1984-11-25",75.4721963010648
"331",331,"1984-11-26",73.5039769851803
"332",332,"1984-11-27",71.5686636612185
"333",333,"1984-11-28",194.606408316059
"334",334,"1984-11-29",244.758691842572
"335",335,"1984-11-30",189.940280224434
"336",336,"1984-12-01",160.530802253914
"337",337,"1984-12-02",149.408628923333
"338",338,"1984-12-03",145.273307098404
"339",339,"1984-12-04",142.729370208547
"340",340,"1984-12-05",137.268134397398
"341",341,"1984-12-06",136.793707452478
"342",342,"1984-12-07",130.0959080971
"343",343,"1984-12-08",126.76486145184
"344",344,"1984-12-09",127.901340737814
"345",345,"1984-12-10",133.402771515121
"346",346,"1984-12-11",154.52750862063
"347",347,"1984-12-12",160.251924647449
"348",348,"1984-12-13",154.954148197289
"349",349,"1984-12-14",150.923239710977
"350",350,"1984-12-15",146.810640692739
"351",351,"1984-12-16",142.797615514084
"352",352,"1984-12-17",138.956397189437
"353",353,"1984-12-18",135.24884820775
"354",354,"1984-12-19",131.600573787336
"355",355,"1984-12-20",128.264996596581
"356",356,"1984-12-21",125.209443437632
"357",357,"1984-12-22",123.99583512108
"358",358,"1984-12-23",122.241054002186
"359",359,"1984-12-24",118.926194031712
"360",360,"1984-12-25",117.007395151585
"361",361,"1984-12-26",113.931270416118
"362",362,"1984-12-27",110.75891806803
"363",363,"1984-12-28",107.656365563924
"364",364,"1984-12-29",104.651633608242
"365",365,"1984-12-30",101.739989071106
"366",366,"1984-12-31",101.552266471575
"367",367,"1985-01-01",99.5555934726281
"368",368,"1985-01-02",102.599721677982
"369",369,"1985-01-03",114.366562179123
"370",370,"1985-01-04",175.685439879753
"371",371,"1985-01-05",158.120110147986
"372",372,"1985-01-06",136.818102278606
"373",373,"1985-01-07",126.459926679814
"374",374,"1985-01-08",119.430779838197
"375",375,"1985-01-09",114.739161471427
"376",376,"1985-01-10",111.176077011129
"377",377,"1985-01-11",108.223234664213
"378",378,"1985-01-12",105.452677919399
"379",379,"1985-01-13",102.728133829632
"380",380,"1985-01-14",100.119432498997
"381",381,"1985-01-15",97.8380041886577
"382",382,"1985-01-16",95.4100928991364
"383",383,"1985-01-17",95.1339250945046
"384",384,"1985-01-18",93.3214474872981
"385",385,"1985-01-19",91.8555959909741
"386",386,"1985-01-20",89.4807612000031
"387",387,"1985-01-21",87.2895763072034
"388",388,"1985-01-22",84.7013825390021
"389",389,"1985-01-23",82.3691906768914
"390",390,"1985-01-24",80.12161962077
"391",391,"1985-01-25",77.9887621812839
"392",392,"1985-01-26",76.2433029085537
"393",393,"1985-01-27",74.4773189972534
"394",394,"1985-01-28",72.9062174618843
"395",395,"1985-01-29",73.8646382129672
"396",396,"1985-01-30",69.973286000799
"397",397,"1985-01-31",73.0229521478975
"398",398,"1985-02-01",383.084465771027
"399",399,"1985-02-02",985.180532446932
"400",400,"1985-02-03",558.776157508121
"401",401,"1985-02-04",307.682471840877
"402",402,"1985-02-05",193.013321978696
"403",403,"1985-02-06",148.379509126257
"404",404,"1985-02-07",130.760675932032
"405",405,"1985-02-08",116.842818798524
"406",406,"1985-02-09",108.796468751877
"407",407,"1985-02-10",104.603668359779
"408",408,"1985-02-11",102.812188249372
"409",409,"1985-02-12",112.397248306598
"410",410,"1985-02-13",104.793747430826
"411",411,"1985-02-14",101.229417678038
"412",412,"1985-02-15",98.2694357516515
"413",413,"1985-02-16",95.8963085793512
"414",414,"1985-02-17",93.7985791923819
"415",415,"1985-02-18",91.9866982567365
"416",416,"1985-02-19",99.3885616246106
"417",417,"1985-02-20",170.47457716189
"418",418,"1985-02-21",289.054697831251
"419",419,"1985-02-22",358.039713510732
"420",420,"1985-02-23",483.971552029313
"421",421,"1985-02-24",775.734568686604
"422",422,"1985-02-25",768.699626808322
"423",423,"1985-02-26",926.475558581252
"424",424,"1985-02-27",623.187698023402
"425",425,"1985-02-28",402.81655687732
"426",426,"1985-03-01",301.349429596244
"427",427,"1985-03-02",256.007616941539
"428",428,"1985-03-03",235.938986835532
"429",429,"1985-03-04",225.856396834361
"430",430,"1985-03-05",219.538939702533
"431",431,"1985-03-06",214.523117134622
"432",432,"1985-03-07",209.825676077628
"433",433,"1985-03-08",205.181421614132
"434",434,"1985-03-09",201.344447921875
"435",435,"1985-03-10",196.655246113245
"436",436,"1985-03-11",192.417713100739
"437",437,"1985-03-12",187.806948182301
"438",438,"1985-03-13",182.921532795193
"439",439,"1985-03-14",178.361975564362
"440",440,"1985-03-15",173.86976390264
"441",441,"1985-03-16",169.336454462912
"442",442,"1985-03-17",164.754448591406
"443",443,"1985-03-18",160.391867138723
"444",444,"1985-03-19",156.300402599458
"445",445,"1985-03-20",152.287632730972
"446",446,"1985-03-21",148.088462592163
"447",447,"1985-03-22",150.919959146725
"448",448,"1985-03-23",285.820413639133
"449",449,"1985-03-24",316.112693673323
"450",450,"1985-03-25",242.907741922137
"451",451,"1985-03-26",200.972956904594
"452",452,"1985-03-27",181.126532505084
"453",453,"1985-03-28",170.57410489036
"454",454,"1985-03-29",163.5701261763
"455",455,"1985-03-30",158.249503146452
"456",456,"1985-03-31",154.20552191233
"457",457,"1985-04-01",173.857649777964
"458",458,"1985-04-02",182.881484944965
"459",459,"1985-04-03",167.759324396016
"460",460,"1985-04-04",157.993188979488
"461",461,"1985-04-05",153.139487108347
"462",462,"1985-04-06",202.008196179883
"463",463,"1985-04-07",192.123206014773
"464",464,"1985-04-08",179.345310645334
"465",465,"1985-04-09",169.681833713345
"466",466,"1985-04-10",163.525326602514
"467",467,"1985-04-11",158.511907549942
"468",468,"1985-04-12",154.199096757665
"469",469,"1985-04-13",149.704133554124
"470",470,"1985-04-14",145.441521913787
"471",471,"1985-04-15",159.296022099614
"472",472,"1985-04-16",227.817794619486
"473",473,"1985-04-17",360.576646109292
"474",474,"1985-04-18",319.260392779445
"475",475,"1985-04-19",244.305694415153
"476",476,"1985-04-20",205.991457658026
"477",477,"1985-04-21",186.97419891089
"478",478,"1985-04-22",176.169308511332
"479",479,"1985-04-23",168.853547126552
"480",480,"1985-04-24",165.245478965637
"481",481,"1985-04-25",219.266893054751
"482",482,"1985-04-26",234.588560350605
"483",483,"1985-04-27",194.070621736487
"484",484,"1985-04-28",172.516514536263
"485",485,"1985-04-29",160.903208233466
"486",486,"1985-04-30",155.124865949744
"487",487,"1985-05-01",149.370612664448
"488",488,"1985-05-02",144.673560269794
"489",489,"1985-05-03",153.354940607046
"490",490,"1985-05-04",149.130170935062
"491",491,"1985-05-05",142.474918636148
"492",492,"1985-05-06",136.969969882348
"493",493,"1985-05-07",132.336655036085
"494",494,"1985-05-08",128.395319480661
"495",495,"1985-05-09",124.892457561804
"496",496,"1985-05-10",123.404958858752
"497",497,"1985-05-11",119.190432937582
"498",498,"1985-05-12",116.195206102851
"499",499,"1985-05-13",116.06745407722
"500",500,"1985-05-14",124.159008972297
"501",501,"1985-05-15",123.07530122938
"502",502,"1985-05-16",129.312641203405
"503",503,"1985-05-17",155.337458603217
"504",504,"1985-05-18",150.071172323044
"505",505,"1985-05-19",145.967960037262
"506",506,"1985-05-20",137.271344277437
"507",507,"1985-05-21",130.184593996569
"508",508,"1985-05-22",124.681227016315
"509",509,"1985-05-23",122.415910612794
"510",510,"1985-05-24",129.580159322359
"511",511,"1985-05-25",142.124406411071
"512",512,"1985-05-26",148.736218975431
"513",513,"1985-05-27",142.467296841108
"514",514,"1985-05-28",136.527553962342
"515",515,"1985-05-29",131.917124819126
"516",516,"1985-05-30",127.414006058943
"517",517,"1985-05-31",123.441727909312
"518",518,"1985-06-01",119.542318851358
"519",519,"1985-06-02",116.404107966509
"520",520,"1985-06-03",121.13668471415
"521",521,"1985-06-04",120.334667693433
"522",522,"1985-06-05",116.303229957813
"523",523,"1985-06-06",114.782838356055
"524",524,"1985-06-07",116.194960906272
"525",525,"1985-06-08",122.210018500084
"526",526,"1985-06-09",131.531502252919
"527",527,"1985-06-10",124.556737445257
"528",528,"1985-06-11",118.164124284948
"529",529,"1985-06-12",115.664912790786
"530",530,"1985-06-13",112.133311860595
"531",531,"1985-06-14",108.010199750405
"532",532,"1985-06-15",104.44493433929
"533",533,"1985-06-16",101.221900195151
"534",534,"1985-06-17",99.0355803878597
"535",535,"1985-06-18",99.4358359424497
"536",536,"1985-06-19",97.0886372218754
"537",537,"1985-06-20",94.4387224623668
"538",538,"1985-06-21",91.742767878252
"539",539,"1985-06-22",89.1028116874943
"540",540,"1985-06-23",86.3826194109796
"541",541,"1985-06-24",83.8584033410358
"542",542,"1985-06-25",81.4381441621155
"543",543,"1985-06-26",79.0782135711235
"544",544,"1985-06-27",76.9885957270173
"545",545,"1985-06-28",74.847708238222
"546",546,"1985-06-29",72.6793020188577
"547",547,"1985-06-30",74.7603083175203
"548",548,"1985-07-01",77.5873565360586
"549",549,"1985-07-02",80.5424591745525
"550",550,"1985-07-03",80.6695627910045
"551",551,"1985-07-04",78.3219133047989
"552",552,"1985-07-05",75.9388554593079
"553",553,"1985-07-06",74.2574108957347
"554",554,"1985-07-07",71.5476560709958
"555",555,"1985-07-08",69.058916644716
"556",556,"1985-07-09",66.8045334706324
"557",557,"1985-07-10",64.7733733565925
"558",558,"1985-07-11",65.6704671279203
"559",559,"1985-07-12",63.9475783379044
"560",560,"1985-07-13",62.1922838307965
"561",561,"1985-07-14",64.2885702918118
"562",562,"1985-07-15",69.6216377967211
"563",563,"1985-07-16",68.4022866147057
"564",564,"1985-07-17",66.2716339277607
"565",565,"1985-07-18",63.5059266291951
"566",566,"1985-07-19",61.3157985662192
"567",567,"1985-07-20",59.3807917757933
"568",568,"1985-07-21",57.5429984763909
"569",569,"1985-07-22",55.9819471118748
"570",570,"1985-07-23",54.6434025776789
"571",571,"1985-07-24",53.6001261392848
"572",572,"1985-07-25",62.2584681974297
"573",573,"1985-07-26",67.8079894078656
"574",574,"1985-07-27",102.208063042951
"575",575,"1985-07-28",145.948948706359
"576",576,"1985-07-29",156.656505683647
"577",577,"1985-07-30",153.595208550067
"578",578,"1985-07-31",147.328222366608
"579",579,"1985-08-01",142.570687779466
"580",580,"1985-08-02",145.818835908667
"581",581,"1985-08-03",144.524013498004
"582",582,"1985-08-04",139.150777011703
"583",583,"1985-08-05",134.329234088075
"584",584,"1985-08-06",130.031944228143
"585",585,"1985-08-07",127.991618544585
"586",586,"1985-08-08",124.352721126204
"587",587,"1985-08-09",127.194805691934
"588",588,"1985-08-10",127.076094076363
"589",589,"1985-08-11",124.019905616578
"590",590,"1985-08-12",119.639411009551
"591",591,"1985-08-13",115.715449895949
"592",592,"1985-08-14",112.712929660396
"593",593,"1985-08-15",109.475791867933
"594",594,"1985-08-16",110.288606910581
"595",595,"1985-08-17",133.667412937841
"596",596,"1985-08-18",378.527707156087
"597",597,"1985-08-19",301.749059585462
"598",598,"1985-08-20",230.791480636808
"599",599,"1985-08-21",194.925849747343
"600",600,"1985-08-22",175.925923354167
"601",601,"1985-08-23",165.084765398963
"602",602,"1985-08-24",158.084508445698
"603",603,"1985-08-25",155.765844866448
"604",604,"1985-08-26",152.50107001542
"605",605,"1985-08-27",296.625086238546
"606",606,"1985-08-28",327.961840425381
"607",607,"1985-08-29",317.657558968054
"608",608,"1985-08-30",241.939684613766
"609",609,"1985-08-31",202.113313738966
"610",610,"1985-09-01",182.242561164203
"611",611,"1985-09-02",171.184941527552
"612",612,"1985-09-03",164.699065493539
"613",613,"1985-09-04",158.817420853601
"614",614,"1985-09-05",154.682306795893
"615",615,"1985-09-06",169.54038134274
"616",616,"1985-09-07",175.637176527426
"617",617,"1985-09-08",167.447340865163
"618",618,"1985-09-09",163.090506160029
"619",619,"1985-09-10",157.224130520186
"620",620,"1985-09-11",152.726012289976
"621",621,"1985-09-12",148.427796930682
"622",622,"1985-09-13",144.303685712749
"623",623,"1985-09-14",140.284314382399
"624",624,"1985-09-15",136.357324697294
"625",625,"1985-09-16",132.474298273755
"626",626,"1985-09-17",128.711939331247
"627",627,"1985-09-18",125.046684415023
"628",628,"1985-09-19",121.494836596903
"629",629,"1985-09-20",118.040592847982
"630",630,"1985-09-21",114.677766706419
"631",631,"1985-09-22",111.432238264242
"632",632,"1985-09-23",108.511766539353
"633",633,"1985-09-24",105.582940711815
"634",634,"1985-09-25",102.667587194518
"635",635,"1985-09-26",99.5421754863818
"636",636,"1985-09-27",96.945399732048
"637",637,"1985-09-28",94.439853566073
"638",638,"1985-09-29",91.7748896636146
"639",639,"1985-09-30",89.1456832056724
"640",640,"1985-10-01",86.5933957020024
"641",641,"1985-10-02",94.0172891158167
"642",642,"1985-10-03",115.867119835976
"643",643,"1985-10-04",140.754438514058
"644",644,"1985-10-05",145.053260587919
"645",645,"1985-10-06",136.848624195869
"646",646,"1985-10-07",130.166380913277
"647",647,"1985-10-08",125.113257549871
"648",648,"1985-10-09",120.867994381712
"649",649,"1985-10-10",117.133148402103
"650",650,"1985-10-11",113.672056971279
"651",651,"1985-10-12",110.374894714505
"652",652,"1985-10-13",107.268942400568
"653",653,"1985-10-14",104.251417978637
"654",654,"1985-10-15",101.314689040957
"655",655,"1985-10-16",98.4988393949482
"656",656,"1985-10-17",95.8071397534383
"657",657,"1985-10-18",93.1092309323231
"658",658,"1985-10-19",90.4283250071578
"659",659,"1985-10-20",87.8390583110804
"660",660,"1985-10-21",87.3247827476054
"661",661,"1985-10-22",102.567735231209
"662",662,"1985-10-23",100.981731189862
"663",663,"1985-10-24",96.633154029313
"664",664,"1985-10-25",92.4301830511161
"665",665,"1985-10-26",89.1120814834564
"666",666,"1985-10-27",86.3720562401206
"667",667,"1985-10-28",83.7621247672139
"668",668,"1985-10-29",81.498447279527
"669",669,"1985-10-30",80.4543853993636
"670",670,"1985-10-31",98.1473131085343
"671",671,"1985-11-01",147.626487563808
"672",672,"1985-11-02",499.722050414942
"673",673,"1985-11-03",506.777998562529
"674",674,"1985-11-04",510.015661530631
"675",675,"1985-11-05",623.878685063169
"676",676,"1985-11-06",631.368345141257
"677",677,"1985-11-07",493.477843656127
"678",678,"1985-11-08",417.824731771324
"679",679,"1985-11-09",379.944825860108
"680",680,"1985-11-10",359.322031873962
"681",681,"1985-11-11",345.791802424195
"682",682,"1985-11-12",335.162731190881
"683",683,"1985-11-13",325.960182334055
"684",684,"1985-11-14",316.827812515295
"685",685,"1985-11-15",307.947522667367
"686",686,"1985-11-16",299.604085167715
"687",687,"1985-11-17",291.804331580023
"688",688,"1985-11-18",282.960681362985
"689",689,"1985-11-19",274.93587271858
"690",690,"1985-11-20",267.118457001294
"691",691,"1985-11-21",260.336116100022
"692",692,"1985-11-22",497.829619952916
"693",693,"1985-11-23",487.346061499976
"694",694,"1985-11-24",382.306021925395
"695",695,"1985-11-25",331.585794535549
"696",696,"1985-11-26",306.86551010532
"697",697,"1985-11-27",291.575252917733
"698",698,"1985-11-28",284.300879912816
"699",699,"1985-11-29",299.313627198176
"700",700,"1985-11-30",419.208492669123
"701",701,"1985-12-01",426.880664982464
"702",702,"1985-12-02",402.290440866142
"703",703,"1985-12-03",365.109925702333
"704",704,"1985-12-04",340.435174106375
"705",705,"1985-12-05",326.003386874704
"706",706,"1985-12-06",315.348464528881
"707",707,"1985-12-07",306.188393455973
"708",708,"1985-12-08",297.91681795425
"709",709,"1985-12-09",290.035273757482
"710",710,"1985-12-10",282.441892914985
"711",711,"1985-12-11",275.012446610874
"712",712,"1985-12-12",268.094621819192
"713",713,"1985-12-13",289.991570847754
"714",714,"1985-12-14",288.383479683721
"715",715,"1985-12-15",276.147659883094
"716",716,"1985-12-16",264.531899849925
"717",717,"1985-12-17",255.581433585599
"718",718,"1985-12-18",248.002185754112
"719",719,"1985-12-19",241.126788632148
"720",720,"1985-12-20",234.925699495591
"721",721,"1985-12-21",228.769132388886
"722",722,"1985-12-22",222.234229189541
"723",723,"1985-12-23",216.242715972796
"724",724,"1985-12-24",210.442409704136
"725",725,"1985-12-25",205.081021495252
"726",726,"1985-12-26",199.437489433993
"727",727,"1985-12-27",194.039632053081
"728",728,"1985-12-28",188.78594319207
"729",729,"1985-12-29",183.723855487321
"730",730,"1985-12-30",178.78222063971
"731",731,"1985-12-31",173.982185228218
"732",732,"1986-01-01",169.963831256457
"733",733,"1986-01-02",165.286522747357
"734",734,"1986-01-03",161.199882682948
"735",735,"1986-01-04",158.515677660351
"736",736,"1986-01-05",155.107963398152
"737",737,"1986-01-06",151.166101290714
"738",738,"1986-01-07",147.130573273431
"739",739,"1986-01-08",143.203835570993
"740",740,"1986-01-09",139.351876875911
"741",741,"1986-01-10",135.569318028798
"742",742,"1986-01-11",131.921467461581
"743",743,"1986-01-12",128.369520095687
"744",744,"1986-01-13",125.260497455136
"745",745,"1986-01-14",121.780067186527
"746",746,"1986-01-15",118.391982595889
"747",747,"1986-01-16",115.119268617029
"748",748,"1986-01-17",111.981397172697
"749",749,"1986-01-18",108.920241553752
"750",750,"1986-01-19",146.317726513637
"751",751,"1986-01-20",191.236531696459
"752",752,"1986-01-21",183.095014189475
"753",753,"1986-01-22",191.484383168245
"754",754,"1986-01-23",168.9965003519
"755",755,"1986-01-24",155.776122058659
"756",756,"1986-01-25",148.353934246848
"757",757,"1986-01-26",144.131470281804
"758",758,"1986-01-27",139.205589695026
"759",759,"1986-01-28",134.842089851736
"760",760,"1986-01-29",131.173796068919
"761",761,"1986-01-30",128.232713018986
"762",762,"1986-01-31",124.928461186025
"763",763,"1986-02-01",121.989516711673
"764",764,"1986-02-02",127.24615010963
"765",765,"1986-02-03",139.089442877818
"766",766,"1986-02-04",140.41681708292
"767",767,"1986-02-05",137.66331344909
"768",768,"1986-02-06",138.773179221218
"769",769,"1986-02-07",202.560014876805
"770",770,"1986-02-08",232.750612846684
"771",771,"1986-02-09",186.406556025173
"772",772,"1986-02-10",161.480483532219
"773",773,"1986-02-11",152.989618375511
"774",774,"1986-02-12",143.761640494789
"775",775,"1986-02-13",138.199410555201
"776",776,"1986-02-14",134.226911681257
"777",777,"1986-02-15",133.307936442004
"778",778,"1986-02-16",128.50554783104
"779",779,"1986-02-17",133.009609837263
"780",780,"1986-02-18",553.277303427517
"781",781,"1986-02-19",465.207523207519
"782",782,"1986-02-20",504.109467991129
"783",783,"1986-02-21",417.438536673072
"784",784,"1986-02-22",308.331492725398
"785",785,"1986-02-23",257.253356274751
"786",786,"1986-02-24",231.927615173387
"787",787,"1986-02-25",218.865154185389
"788",788,"1986-02-26",210.627621047839
"789",789,"1986-02-27",207.086720132166
"790",790,"1986-02-28",202.708184919769
"791",791,"1986-03-01",197.015805327881
"792",792,"1986-03-02",191.935115070832
"793",793,"1986-03-03",187.143697688372
"794",794,"1986-03-04",183.46887700999
"795",795,"1986-03-05",181.118435381397
"796",796,"1986-03-06",180.738878750867
"797",797,"1986-03-07",177.153886515209
"798",798,"1986-03-08",173.28445671941
"799",799,"1986-03-09",168.958413055885
"800",800,"1986-03-10",164.606555436959
"801",801,"1986-03-11",160.60480776826
"802",802,"1986-03-12",156.637607386986
"803",803,"1986-03-13",168.16365710376
"804",804,"1986-03-14",213.235097701373
"805",805,"1986-03-15",375.500397281228
"806",806,"1986-03-16",534.335343483916
"807",807,"1986-03-17",362.495723965186
"808",808,"1986-03-18",277.256632422549
"809",809,"1986-03-19",254.886497153637
"810",810,"1986-03-20",243.886725235232
"811",811,"1986-03-21",225.243768488485
"812",812,"1986-03-22",214.031824442301
"813",813,"1986-03-23",206.53823327328
"814",814,"1986-03-24",200.49473257383
"815",815,"1986-03-25",195.124868511009
"816",816,"1986-03-26",189.822683927101
"817",817,"1986-03-27",184.710823192361
"818",818,"1986-03-28",179.650887726118
"819",819,"1986-03-29",174.547580638283
"820",820,"1986-03-30",169.571742849308
"821",821,"1986-03-31",164.6853191282
"822",822,"1986-04-01",159.988577653335
"823",823,"1986-04-02",155.927210220219
"824",824,"1986-04-03",151.859862660649
"825",825,"1986-04-04",147.53810461829
"826",826,"1986-04-05",143.491476104085
"827",827,"1986-04-06",139.43485101702
"828",828,"1986-04-07",135.682913155985
"829",829,"1986-04-08",131.671618278475
"830",830,"1986-04-09",128.611162952534
"831",831,"1986-04-10",124.988264013481
"832",832,"1986-04-11",121.22763061278
"833",833,"1986-04-12",117.704630398525
"834",834,"1986-04-13",114.381705802968
"835",835,"1986-04-14",111.13593122142
"836",836,"1986-04-15",108.014586189847
"837",837,"1986-04-16",105.282575109518
"838",838,"1986-04-17",102.382170975647
"839",839,"1986-04-18",99.3141589930438
"840",840,"1986-04-19",96.3812041940681
"841",841,"1986-04-20",93.6192981835991
"842",842,"1986-04-21",95.488650955784
"843",843,"1986-04-22",92.7862001193741
"844",844,"1986-04-23",89.9935258253958
"845",845,"1986-04-24",87.2814013199651
"846",846,"1986-04-25",84.5937438575444
"847",847,"1986-04-26",82.6126479501048
"848",848,"1986-04-27",79.7851737306182
"849",849,"1986-04-28",77.4598552881353
"850",850,"1986-04-29",75.3870263765458
"851",851,"1986-04-30",73.2925092946587
"852",852,"1986-05-01",71.1498856160489
"853",853,"1986-05-02",69.1358563000852
"854",854,"1986-05-03",67.3626150308617
"855",855,"1986-05-04",65.5889573801963
"856",856,"1986-05-05",63.6945531648651
"857",857,"1986-05-06",61.7573108425029
"858",858,"1986-05-07",59.8164650570916
"859",859,"1986-05-08",58.7538352104852
"860",860,"1986-05-09",56.7704511360744
"861",861,"1986-05-10",55.1820139595771
"862",862,"1986-05-11",53.6309441992021
"863",863,"1986-05-12",54.0157236368515
"864",864,"1986-05-13",58.5984861168168
"865",865,"1986-05-14",60.763578098615
"866",866,"1986-05-15",62.4752829974449
"867",867,"1986-05-16",60.3336954677286
"868",868,"1986-05-17",66.0863088893568
"869",869,"1986-05-18",79.5578281978489
"870",870,"1986-05-19",112.039794599348
"871",871,"1986-05-20",175.47762365402
"872",872,"1986-05-21",173.103743352014
"873",873,"1986-05-22",164.164743509018
"874",874,"1986-05-23",148.850491450983
"875",875,"1986-05-24",181.982284647953
"876",876,"1986-05-25",183.976155426214
"877",877,"1986-05-26",166.010795497464
"878",878,"1986-05-27",201.104937086437
"879",879,"1986-05-28",208.357804091718
"880",880,"1986-05-29",188.420172907322
"881",881,"1986-05-30",175.633624721328
"882",882,"1986-05-31",167.401403688958
"883",883,"1986-06-01",161.368225808832
"884",884,"1986-06-02",156.461252039138
"885",885,"1986-06-03",152.229407794976
"886",886,"1986-06-04",147.826617511542
"887",887,"1986-06-05",143.505622878855
"888",888,"1986-06-06",139.325533242661
"889",889,"1986-06-07",135.335463997517
"890",890,"1986-06-08",141.233977813192
"891",891,"1986-06-09",148.208060129985
"892",892,"1986-06-10",146.002626459348
"893",893,"1986-06-11",139.383962920875
"894",894,"1986-06-12",133.771881553327
"895",895,"1986-06-13",129.202048441119
"896",896,"1986-06-14",125.266365454849
"897",897,"1986-06-15",121.519072388594
"898",898,"1986-06-16",117.968897174747
"899",899,"1986-06-17",114.529973543413
"900",900,"1986-06-18",111.330279376956
"901",901,"1986-06-19",108.177297972008
"902",902,"1986-06-20",104.954845117296
"903",903,"1986-06-21",101.864249417595
"904",904,"1986-06-22",98.9172171970614
"905",905,"1986-06-23",96.0105572380541
"906",906,"1986-06-24",93.4704527635639
"907",907,"1986-06-25",92.5383446445028
"908",908,"1986-06-26",89.7680703642928
"909",909,"1986-06-27",86.5056774905902
"910",910,"1986-06-28",83.7882595039097
"911",911,"1986-06-29",81.3798436716531
"912",912,"1986-06-30",78.9551670318955
"913",913,"1986-07-01",76.6503691291048
"914",914,"1986-07-02",82.0264180303483
"915",915,"1986-07-03",105.206614410338
"916",916,"1986-07-04",115.496969328165
"917",917,"1986-07-05",103.988943178308
"918",918,"1986-07-06",95.4955650213552
"919",919,"1986-07-07",90.1164730588498
"920",920,"1986-07-08",86.3640838977663
"921",921,"1986-07-09",83.3655712302383
"922",922,"1986-07-10",84.6791746128608
"923",923,"1986-07-11",89.1691013494054
"924",924,"1986-07-12",104.049086888198
"925",925,"1986-07-13",100.524888984901
"926",926,"1986-07-14",98.0479277669084
"927",927,"1986-07-15",95.8710960598901
"928",928,"1986-07-16",92.0286016835246
"929",929,"1986-07-17",88.948251337889
"930",930,"1986-07-18",86.0541609932338
"931",931,"1986-07-19",83.4219537938076
"932",932,"1986-07-20",80.9826616955536
"933",933,"1986-07-21",78.6241862868154
"934",934,"1986-07-22",76.4438900752565
"935",935,"1986-07-23",75.5905710322457
"936",936,"1986-07-24",73.9127943390559
"937",937,"1986-07-25",71.1897188827183
"938",938,"1986-07-26",71.1241345605234
"939",939,"1986-07-27",75.3590364565401
"940",940,"1986-07-28",74.3244585777721
"941",941,"1986-07-29",71.3714099458862
"942",942,"1986-07-30",68.8676216337817
"943",943,"1986-07-31",66.8824296719673
"944",944,"1986-08-01",64.9301136789307
"945",945,"1986-08-02",62.9514470699306
"946",946,"1986-08-03",62.1309369011532
"947",947,"1986-08-04",59.6793290719232
"948",948,"1986-08-05",61.9437261067526
"949",949,"1986-08-06",72.8528594364813
"950",950,"1986-08-07",78.6384781558062
"951",951,"1986-08-08",87.5143244774638
"952",952,"1986-08-09",82.0769767491505
"953",953,"1986-08-10",77.2987758726782
"954",954,"1986-08-11",75.4993029759449
"955",955,"1986-08-12",74.1819437558808
"956",956,"1986-08-13",80.5881569016825
"957",957,"1986-08-14",78.460459036691
"958",958,"1986-08-15",75.3165103784653
"959",959,"1986-08-16",72.7225858397667
"960",960,"1986-08-17",71.7040470963531
"961",961,"1986-08-18",75.0252792436243
"962",962,"1986-08-19",87.8318278857583
"963",963,"1986-08-20",106.326037414118
"964",964,"1986-08-21",108.54722299617
"965",965,"1986-08-22",104.727990744018
"966",966,"1986-08-23",123.761903362373
"967",967,"1986-08-24",125.195552174697
"968",968,"1986-08-25",118.910180145041
"969",969,"1986-08-26",113.82909373373
"970",970,"1986-08-27",110.166694842894
"971",971,"1986-08-28",129.592367569973
"972",972,"1986-08-29",135.361812974938
"973",973,"1986-08-30",127.149722020043
"974",974,"1986-08-31",120.542381084223
"975",975,"1986-09-01",119.455496413622
"976",976,"1986-09-02",164.928398407247
"977",977,"1986-09-03",254.373060085424
"978",978,"1986-09-04",222.974835236281
"979",979,"1986-09-05",217.137870884217
"980",980,"1986-09-06",220.513235170028
"981",981,"1986-09-07",192.69897975295
"982",982,"1986-09-08",175.56640776522
"983",983,"1986-09-09",165.420281176625
"984",984,"1986-09-10",158.434429282883
"985",985,"1986-09-11",153.54785592501
"986",986,"1986-09-12",149.007610911947
"987",987,"1986-09-13",144.460695971141
"988",988,"1986-09-14",140.307411583503
"989",989,"1986-09-15",136.29969800586
"990",990,"1986-09-16",132.536579888683
"991",991,"1986-09-17",128.769395311734
"992",992,"1986-09-18",125.099075533828
"993",993,"1986-09-19",121.535300147948
"994",994,"1986-09-20",118.035488545316
"995",995,"1986-09-21",114.679939958606
"996",996,"1986-09-22",111.465732059428
"997",997,"1986-09-23",108.308910394275
"998",998,"1986-09-24",107.129912023022
"999",999,"1986-09-25",103.781651563548
"1000",1000,"1986-09-26",100.632291126327
"1001",1001,"1986-09-27",97.7253917182449
"1002",1002,"1986-09-28",95.1579274165406
"1003",1003,"1986-09-29",92.6996815279635
"1004",1004,"1986-09-30",90.0292500906818
"1005",1005,"1986-10-01",87.2264489319663
"1006",1006,"1986-10-02",85.5253651529503
"1007",1007,"1986-10-03",83.1830053264086
"1008",1008,"1986-10-04",80.5536084597156
"1009",1009,"1986-10-05",78.621161259607
"1010",1010,"1986-10-06",76.9213720705302
"1011",1011,"1986-10-07",74.6406123158825
"1012",1012,"1986-10-08",72.4003205086155
"1013",1013,"1986-10-09",70.4659339494748
"1014",1014,"1986-10-10",69.8345376038562
"1015",1015,"1986-10-11",67.65524870788
"1016",1016,"1986-10-12",65.6627832951317
"1017",1017,"1986-10-13",73.525682004739
"1018",1018,"1986-10-14",96.745143591314
"1019",1019,"1986-10-15",101.703013251576
"1020",1020,"1986-10-16",97.0417706339726
"1021",1021,"1986-10-17",92.8531362393377
"1022",1022,"1986-10-18",89.5371658662537
"1023",1023,"1986-10-19",86.7243563976712
"1024",1024,"1986-10-20",84.1369482779476
"1025",1025,"1986-10-21",81.726544056418
"1026",1026,"1986-10-22",79.3986953459705
"1027",1027,"1986-10-23",77.1451040569104
"1028",1028,"1986-10-24",74.9675946586941
"1029",1029,"1986-10-25",80.3719366153937
"1030",1030,"1986-10-26",148.356156463733
"1031",1031,"1986-10-27",134.78596134296
"1032",1032,"1986-10-28",111.75540873145
"1033",1033,"1986-10-29",98.3027535673464
"1034",1034,"1986-10-30",90.9077117100658
"1035",1035,"1986-10-31",86.432807440995
"1036",1036,"1986-11-01",83.7222345296736
"1037",1037,"1986-11-02",91.3260517601541
"1038",1038,"1986-11-03",90.5299309624186
"1039",1039,"1986-11-04",87.4154382410012
"1040",1040,"1986-11-05",85.2260664839836
"1041",1041,"1986-11-06",85.7890515926216
"1042",1042,"1986-11-07",90.9783890214196
"1043",1043,"1986-11-08",178.571128518311
"1044",1044,"1986-11-09",173.704784528563
"1045",1045,"1986-11-10",139.378372868429
"1046",1046,"1986-11-11",119.622096911479
"1047",1047,"1986-11-12",109.525091822903
"1048",1048,"1986-11-13",103.463578668377
"1049",1049,"1986-11-14",99.6968884826296
"1050",1050,"1986-11-15",97.537683069015
"1051",1051,"1986-11-16",94.5038649073945
"1052",1052,"1986-11-17",92.5689285692653
"1053",1053,"1986-11-18",91.386639984004
"1054",1054,"1986-11-19",89.6296090148315
"1055",1055,"1986-11-20",88.4739054579804
"1056",1056,"1986-11-21",90.4471062059918
"1057",1057,"1986-11-22",108.219329527798
"1058",1058,"1986-11-23",103.686466830449
"1059",1059,"1986-11-24",98.3223930247895
"1060",1060,"1986-11-25",102.467932308223
"1061",1061,"1986-11-26",167.580829439044
"1062",1062,"1986-11-27",266.178591299896
"1063",1063,"1986-11-28",250.420820557375
"1064",1064,"1986-11-29",192.11087903079
"1065",1065,"1986-11-30",162.746941507463
"1066",1066,"1986-12-01",152.302342609864
"1067",1067,"1986-12-02",230.312190446589
"1068",1068,"1986-12-03",286.40192631027
"1069",1069,"1986-12-04",258.950251968748
"1070",1070,"1986-12-05",232.707146643363
"1071",1071,"1986-12-06",218.169903153219
"1072",1072,"1986-12-07",209.28627632475
"1073",1073,"1986-12-08",202.883275262197
"1074",1074,"1986-12-09",203.758461076666
"1075",1075,"1986-12-10",264.372923441067
"1076",1076,"1986-12-11",282.286332388802
"1077",1077,"1986-12-12",275.280222762499
"1078",1078,"1986-12-13",263.974979285463
"1079",1079,"1986-12-14",248.940295341016
"1080",1080,"1986-12-15",238.884798165258
"1081",1081,"1986-12-16",231.417533235727
"1082",1082,"1986-12-17",225.082904377545
"1083",1083,"1986-12-18",227.723358544132
"1084",1084,"1986-12-19",222.696920538369
"1085",1085,"1986-12-20",215.93808949889
"1086",1086,"1986-12-21",209.858251114165
"1087",1087,"1986-12-22",204.280168197846
"1088",1088,"1986-12-23",199.058165022784
"1089",1089,"1986-12-24",370.026978123274
"1090",1090,"1986-12-25",1091.3829658442
"1091",1091,"1986-12-26",685.537693474429
"1092",1092,"1986-12-27",461.542905810466
"1093",1093,"1986-12-28",355.326614778199
"1094",1094,"1986-12-29",307.936168725693
"1095",1095,"1986-12-30",283.769321065956
"1096",1096,"1986-12-31",270.19798869568
"1097",1097,"1987-01-01",263.459880533236
"1098",1098,"1987-01-02",289.182458841138
"1099",1099,"1987-01-03",318.470273147052
"1100",1100,"1987-01-04",281.311329020422
"1101",1101,"1987-01-05",258.81773973947
"1102",1102,"1987-01-06",246.173746688561
"1103",1103,"1987-01-07",238.501649496103
"1104",1104,"1987-01-08",234.954872261962
"1105",1105,"1987-01-09",230.301483099093
"1106",1106,"1987-01-10",224.713000326731
"1107",1107,"1987-01-11",219.658796382194
"1108",1108,"1987-01-12",214.737836767835
"1109",1109,"1987-01-13",215.34645426356
"1110",1110,"1987-01-14",216.886373932105
"1111",1111,"1987-01-15",224.193856844329
"1112",1112,"1987-01-16",231.200350696302
"1113",1113,"1987-01-17",232.361501091921
"1114",1114,"1987-01-18",239.210983374668
"1115",1115,"1987-01-19",334.763368410173
"1116",1116,"1987-01-20",345.971806529456
"1117",1117,"1987-01-21",306.523292738228
"1118",1118,"1987-01-22",288.8744561625
"1119",1119,"1987-01-23",268.160762328338
"1120",1120,"1987-01-24",256.785111627252
"1121",1121,"1987-01-25",249.585820734893
"1122",1122,"1987-01-26",247.920824947403
"1123",1123,"1987-01-27",235.846399742234
"1124",1124,"1987-01-28",229.547831983311
"1125",1125,"1987-01-29",223.611895615811
"1126",1126,"1987-01-30",217.919199558298
"1127",1127,"1987-01-31",215.126738889961
"1128",1128,"1987-02-01",216.172717628183
"1129",1129,"1987-02-02",214.512125789855
"1130",1130,"1987-02-03",226.517101436191
"1131",1131,"1987-02-04",239.046515225928
"1132",1132,"1987-02-05",236.491640735506
"1133",1133,"1987-02-06",230.764247300052
"1134",1134,"1987-02-07",236.307848571491
"1135",1135,"1987-02-08",260.728645502045
"1136",1136,"1987-02-09",271.179982894099
"1137",1137,"1987-02-10",251.694420965675
"1138",1138,"1987-02-11",238.853597437546
"1139",1139,"1987-02-12",264.886945191749
"1140",1140,"1987-02-13",301.372385428921
"1141",1141,"1987-02-14",281.039858282604
"1142",1142,"1987-02-15",258.187990537691
"1143",1143,"1987-02-16",243.855336957396
"1144",1144,"1987-02-17",244.847778151472
"1145",1145,"1987-02-18",228.210032713817
"1146",1146,"1987-02-19",220.486891486361
"1147",1147,"1987-02-20",217.530114726052
"1148",1148,"1987-02-21",213.827420922991
"1149",1149,"1987-02-22",213.520918292428
"1150",1150,"1987-02-23",738.450774307844
"1151",1151,"1987-02-24",498.211215686877
"1152",1152,"1987-02-25",336.008506725904
"1153",1153,"1987-02-26",267.0584699008
"1154",1154,"1987-02-27",323.874014005605
"1155",1155,"1987-02-28",1442.56515263395
"1156",1156,"1987-03-01",5056.16374451597
"1157",1157,"1987-03-02",1250.85818719688
"1158",1158,"1987-03-03",909.892562201045
"1159",1159,"1987-03-04",712.17517173889
"1160",1160,"1987-03-05",548.847548427506
"1161",1161,"1987-03-06",471.961276881974
"1162",1162,"1987-03-07",470.606202985641
"1163",1163,"1987-03-08",452.48833425356
"1164",1164,"1987-03-09",544.603549725308
"1165",1165,"1987-03-10",701.473674042274
"1166",1166,"1987-03-11",521.061329535631
"1167",1167,"1987-03-12",431.696136323744
"1168",1168,"1987-03-13",389.933134464361
"1169",1169,"1987-03-14",373.673281401968
"1170",1170,"1987-03-15",365.686398972222
"1171",1171,"1987-03-16",383.849479434612
"1172",1172,"1987-03-17",397.032903043003
"1173",1173,"1987-03-18",403.798535749062
"1174",1174,"1987-03-19",625.810805215187
"1175",1175,"1987-03-20",536.777427699349
"1176",1176,"1987-03-21",454.223512406618
"1177",1177,"1987-03-22",407.75204855087
"1178",1178,"1987-03-23",384.155262870949
"1179",1179,"1987-03-24",369.952383237705
"1180",1180,"1987-03-25",370.703076556948
"1181",1181,"1987-03-26",367.217009247528
"1182",1182,"1987-03-27",355.918299825229
"1183",1183,"1987-03-28",364.888585247242
"1184",1184,"1987-03-29",352.355819351955
"1185",1185,"1987-03-30",370.001281689202
"1186",1186,"1987-03-31",513.983930393028
"1187",1187,"1987-04-01",510.236292219419
"1188",1188,"1987-04-02",467.496584117196
"1189",1189,"1987-04-03",438.297565367073
"1190",1190,"1987-04-04",422.122771478835
"1191",1191,"1987-04-05",409.524272038004
"1192",1192,"1987-04-06",388.418235141942
"1193",1193,"1987-04-07",427.795618733642
"1194",1194,"1987-04-08",517.5946563207
"1195",1195,"1987-04-09",550.137345301513
"1196",1196,"1987-04-10",531.055813731883
"1197",1197,"1987-04-11",508.952461103106
"1198",1198,"1987-04-12",492.752670967925
"1199",1199,"1987-04-13",491.844868825642
"1200",1200,"1987-04-14",486.149412907554
"1201",1201,"1987-04-15",838.520394275366
"1202",1202,"1987-04-16",1089.05807499584
"1203",1203,"1987-04-17",1207.77329788102
"1204",1204,"1987-04-18",1214.91105488853
"1205",1205,"1987-04-19",880.571469394378
"1206",1206,"1987-04-20",712.582439908574
"1207",1207,"1987-04-21",629.404983776918
"1208",1208,"1987-04-22",585.013006776453
"1209",1209,"1987-04-23",557.470745825873
"1210",1210,"1987-04-24",947.90969551299
"1211",1211,"1987-04-25",2505.54924441872
"1212",1212,"1987-04-26",1741.83452576704
"1213",1213,"1987-04-27",1083.76460992978
"1214",1214,"1987-04-28",792.639510483834
"1215",1215,"1987-04-29",659.386153396666
"1216",1216,"1987-04-30",593.536606992304
"1217",1217,"1987-05-01",557.802161314157
"1218",1218,"1987-05-02",534.801397727467
"1219",1219,"1987-05-03",516.039993951992
"1220",1220,"1987-05-04",500.109919599718
"1221",1221,"1987-05-05",485.256631362285
"1222",1222,"1987-05-06",470.790788355598
"1223",1223,"1987-05-07",457.069881484347
"1224",1224,"1987-05-08",443.989305523954
"1225",1225,"1987-05-09",431.393381166493
"1226",1226,"1987-05-10",418.966258021052
"1227",1227,"1987-05-11",406.9292939869
"1228",1228,"1987-05-12",395.275484520657
"1229",1229,"1987-05-13",385.192932987428
"1230",1230,"1987-05-14",373.550361000282
"1231",1231,"1987-05-15",362.692565231579
"1232",1232,"1987-05-16",352.471529510124
"1233",1233,"1987-05-17",342.151384236475
"1234",1234,"1987-05-18",332.609933717249
"1235",1235,"1987-05-19",324.441118289716
"1236",1236,"1987-05-20",323.832802739608
"1237",1237,"1987-05-21",313.944045136174
"1238",1238,"1987-05-22",304.3297710213
"1239",1239,"1987-05-23",295.825982047714
"1240",1240,"1987-05-24",313.425983596154
"1241",1241,"1987-05-25",340.910481831044
"1242",1242,"1987-05-26",385.020504545926
"1243",1243,"1987-05-27",408.424242513629
"1244",1244,"1987-05-28",347.752433724229
"1245",1245,"1987-05-29",319.440214275419
"1246",1246,"1987-05-30",311.59740507801
"1247",1247,"1987-05-31",294.010150736748
"1248",1248,"1987-06-01",281.360831413567
"1249",1249,"1987-06-02",273.420193298562
"1250",1250,"1987-06-03",270.714996274586
"1251",1251,"1987-06-04",261.308572870468
"1252",1252,"1987-06-05",252.442132137112
"1253",1253,"1987-06-06",244.240505269136
"1254",1254,"1987-06-07",236.530474803682
"1255",1255,"1987-06-08",229.574913969133
"1256",1256,"1987-06-09",222.929973599537
"1257",1257,"1987-06-10",216.850898775734
"1258",1258,"1987-06-11",210.594840311166
"1259",1259,"1987-06-12",204.425263326276
"1260",1260,"1987-06-13",199.640844588443
"1261",1261,"1987-06-14",193.615193770378
"1262",1262,"1987-06-15",187.884164635436
"1263",1263,"1987-06-16",185.023001987093
"1264",1264,"1987-06-17",182.773149187088
"1265",1265,"1987-06-18",200.636490015887
"1266",1266,"1987-06-19",223.437826564474
"1267",1267,"1987-06-20",228.662467188363
"1268",1268,"1987-06-21",207.176801212974
"1269",1269,"1987-06-22",194.322717033995
"1270",1270,"1987-06-23",186.705783223425
"1271",1271,"1987-06-24",180.176796927993
"1272",1272,"1987-06-25",183.325774803294
"1273",1273,"1987-06-26",200.697596871288
"1274",1274,"1987-06-27",223.038044568906
"1275",1275,"1987-06-28",217.104783462758
"1276",1276,"1987-06-29",202.320404014635
"1277",1277,"1987-06-30",192.303599941959
"1278",1278,"1987-07-01",185.00949540358
"1279",1279,"1987-07-02",185.237901305425
"1280",1280,"1987-07-03",209.3230045882
"1281",1281,"1987-07-04",387.141465338214
"1282",1282,"1987-07-05",337.999579326899
"1283",1283,"1987-07-06",280.489533331669
"1284",1284,"1987-07-07",236.810328074125
"1285",1285,"1987-07-08",213.407116053437
"1286",1286,"1987-07-09",200.1081170003
"1287",1287,"1987-07-10",191.611290774651
"1288",1288,"1987-07-11",184.705839199066
"1289",1289,"1987-07-12",178.835717598413
"1290",1290,"1987-07-13",173.340218245027
"1291",1291,"1987-07-14",168.447671264454
"1292",1292,"1987-07-15",163.5943261923
"1293",1293,"1987-07-16",159.0681171381
"1294",1294,"1987-07-17",155.149895169209
"1295",1295,"1987-07-18",150.832895404579
"1296",1296,"1987-07-19",146.535354116565
"1297",1297,"1987-07-20",142.362680575274
"1298",1298,"1987-07-21",138.287144688207
"1299",1299,"1987-07-22",134.338133391875
"1300",1300,"1987-07-23",130.560913925375
"1301",1301,"1987-07-24",127.506142578193
"1302",1302,"1987-07-25",124.153197540121
"1303",1303,"1987-07-26",120.174476746272
"1304",1304,"1987-07-27",116.69360434337
"1305",1305,"1987-07-28",113.41982104647
"1306",1306,"1987-07-29",112.076176585777
"1307",1307,"1987-07-30",108.039947070531
"1308",1308,"1987-07-31",104.792612233284
"1309",1309,"1987-08-01",101.799377422871
"1310",1310,"1987-08-02",99.0845558105318
"1311",1311,"1987-08-03",96.9738164042109
"1312",1312,"1987-08-04",101.395509541976
"1313",1313,"1987-08-05",98.7893228803783
"1314",1314,"1987-08-06",100.217557891999
"1315",1315,"1987-08-07",101.937947672404
"1316",1316,"1987-08-08",99.1091372742423
"1317",1317,"1987-08-09",96.4973234484661
"1318",1318,"1987-08-10",94.6702161854204
"1319",1319,"1987-08-11",91.2993328401137
"1320",1320,"1987-08-12",88.568377621608
"1321",1321,"1987-08-13",86.08305412842
"1322",1322,"1987-08-14",83.7505040354891
"1323",1323,"1987-08-15",81.4576814551577
"1324",1324,"1987-08-16",79.352140802149
"1325",1325,"1987-08-17",77.0248212200096
"1326",1326,"1987-08-18",74.6873137487595
"1327",1327,"1987-08-19",79.5940121222721
"1328",1328,"1987-08-20",81.8569842803261
"1329",1329,"1987-08-21",78.5750884977707
"1330",1330,"1987-08-22",75.6299025872083
"1331",1331,"1987-08-23",73.3751405366659
"1332",1332,"1987-08-24",71.0026641128791
"1333",1333,"1987-08-25",68.9766017927097
"1334",1334,"1987-08-26",66.8732209507956
"1335",1335,"1987-08-27",64.9130076304126
"1336",1336,"1987-08-28",63.1448766634429
"1337",1337,"1987-08-29",61.6915423531446
"1338",1338,"1987-08-30",60.3130833360174
"1339",1339,"1987-08-31",58.3267778306334
"1340",1340,"1987-09-01",56.5983842226446
"1341",1341,"1987-09-02",54.9781322531127
"1342",1342,"1987-09-03",53.4136697551746
"1343",1343,"1987-09-04",51.8252207912528
"1344",1344,"1987-09-05",52.5789850068173
"1345",1345,"1987-09-06",105.160057960765
"1346",1346,"1987-09-07",139.622052307873
"1347",1347,"1987-09-08",154.633154899646
"1348",1348,"1987-09-09",159.759806230415
"1349",1349,"1987-09-10",142.758731835876
"1350",1350,"1987-09-11",133.525471696662
"1351",1351,"1987-09-12",141.836989022293
"1352",1352,"1987-09-13",167.520769360377
"1353",1353,"1987-09-14",160.040139367009
"1354",1354,"1987-09-15",147.43656019157
"1355",1355,"1987-09-16",138.310636097488
"1356",1356,"1987-09-17",131.813341235509
"1357",1357,"1987-09-18",127.711188305427
"1358",1358,"1987-09-19",123.211030316368
"1359",1359,"1987-09-20",120.701544836497
"1360",1360,"1987-09-21",116.58597380421
"1361",1361,"1987-09-22",113.208397344519
"1362",1362,"1987-09-23",110.004843260385
"1363",1363,"1987-09-24",106.926604401437
"1364",1364,"1987-09-25",103.90690766507
"1365",1365,"1987-09-26",100.937478309562
"1366",1366,"1987-09-27",98.1798005359719
"1367",1367,"1987-09-28",96.1030299509847
"1368",1368,"1987-09-29",92.9867171110723
"1369",1369,"1987-09-30",91.3698096644182
"1370",1370,"1987-10-01",88.5554582313163
"1371",1371,"1987-10-02",85.8938217907244
"1372",1372,"1987-10-03",83.4629260896884
"1373",1373,"1987-10-04",81.2352262616217
"1374",1374,"1987-10-05",78.9171151687372
"1375",1375,"1987-10-06",76.7337069157875
"1376",1376,"1987-10-07",75.7322826556059
"1377",1377,"1987-10-08",74.6093619983045
"1378",1378,"1987-10-09",72.7809010166138
"1379",1379,"1987-10-10",70.6721415900603
"1380",1380,"1987-10-11",68.6799572050395
"1381",1381,"1987-10-12",79.0780844842048
"1382",1382,"1987-10-13",82.2682936711827
"1383",1383,"1987-10-14",80.2204022710808
"1384",1384,"1987-10-15",77.7938882299834
"1385",1385,"1987-10-16",75.4551181329818
"1386",1386,"1987-10-17",73.2628543026354
"1387",1387,"1987-10-18",71.1882100873457
"1388",1388,"1987-10-19",69.2009653289241
"1389",1389,"1987-10-20",67.2404918987025
"1390",1390,"1987-10-21",65.6598097131241
"1391",1391,"1987-10-22",63.7498122931084
"1392",1392,"1987-10-23",61.9688093174615
"1393",1393,"1987-10-24",60.1886318648605
"1394",1394,"1987-10-25",58.4647283177569
"1395",1395,"1987-10-26",56.868040655013
"1396",1396,"1987-10-27",55.8177666862008
"1397",1397,"1987-10-28",57.9203986636615
"1398",1398,"1987-10-29",60.2393413295957
"1399",1399,"1987-10-30",58.2338014599115
"1400",1400,"1987-10-31",56.1558283610042
"1401",1401,"1987-11-01",54.3527842578264
"1402",1402,"1987-11-02",52.7541827267338
"1403",1403,"1987-11-03",51.2545340426478
"1404",1404,"1987-11-04",49.962539751729
"1405",1405,"1987-11-05",48.9197156116339
"1406",1406,"1987-11-06",47.7944332041877
"1407",1407,"1987-11-07",46.5952320949113
"1408",1408,"1987-11-08",45.3389495608952
"1409",1409,"1987-11-09",44.0656484967105
"1410",1410,"1987-11-10",65.3784436089304
"1411",1411,"1987-11-11",88.8178147288583
"1412",1412,"1987-11-12",82.3344965407448
"1413",1413,"1987-11-13",78.484771970974
"1414",1414,"1987-11-14",79.4483475170483
"1415",1415,"1987-11-15",79.0018357796258
"1416",1416,"1987-11-16",77.1410130794973
"1417",1417,"1987-11-17",103.923657917894
"1418",1418,"1987-11-18",245.857507988228
"1419",1419,"1987-11-19",202.819807191068
"1420",1420,"1987-11-20",162.273647425791
"1421",1421,"1987-11-21",143.904142793172
"1422",1422,"1987-11-22",132.179171616963
"1423",1423,"1987-11-23",125.022956299335
"1424",1424,"1987-11-24",119.717898553402
"1425",1425,"1987-11-25",115.684598646718
"1426",1426,"1987-11-26",112.257516426047
"1427",1427,"1987-11-27",109.975782061129
"1428",1428,"1987-11-28",125.002620012514
"1429",1429,"1987-11-29",427.774257127435
"1430",1430,"1987-11-30",314.130915290141
"1431",1431,"1987-12-01",221.063952312472
"1432",1432,"1987-12-02",177.244821856582
"1433",1433,"1987-12-03",158.292172160912
"1434",1434,"1987-12-04",152.846942895763
"1435",1435,"1987-12-05",154.088986281532
"1436",1436,"1987-12-06",148.315204894158
"1437",1437,"1987-12-07",143.039537124866
"1438",1438,"1987-12-08",138.989210596132
"1439",1439,"1987-12-09",139.32882439442
"1440",1440,"1987-12-10",152.250571666885
"1441",1441,"1987-12-11",170.619983179859
"1442",1442,"1987-12-12",176.447853417994
"1443",1443,"1987-12-13",178.530305581904
"1444",1444,"1987-12-14",168.890680992353
"1445",1445,"1987-12-15",183.968856298055
"1446",1446,"1987-12-16",191.549234925705
"1447",1447,"1987-12-17",184.155850426687
"1448",1448,"1987-12-18",174.742729315223
"1449",1449,"1987-12-19",168.12452870289
"1450",1450,"1987-12-20",162.979967394029
"1451",1451,"1987-12-21",160.672060822725
"1452",1452,"1987-12-22",157.572027177284
"1453",1453,"1987-12-23",154.103083295019
"1454",1454,"1987-12-24",150.322429291664
"1455",1455,"1987-12-25",224.642024200638
"1456",1456,"1987-12-26",233.190483782091
"1457",1457,"1987-12-27",208.188340253009
"1458",1458,"1987-12-28",233.710390573331
"1459",1459,"1987-12-29",232.302303516948
"1460",1460,"1987-12-30",208.547061879764
"1461",1461,"1987-12-31",195.468609117859
"1462",1462,"1988-01-01",190.747122219133
"1463",1463,"1988-01-02",191.286169155944
"1464",1464,"1988-01-03",185.668313362079
"1465",1465,"1988-01-04",181.678236151096
"1466",1466,"1988-01-05",175.849863409712
"1467",1467,"1988-01-06",171.301987274521
"1468",1468,"1988-01-07",167.810758202522
"1469",1469,"1988-01-08",169.274959197254
"1470",1470,"1988-01-09",159.131014996352
"1471",1471,"1988-01-10",155.225737263102
"1472",1472,"1988-01-11",151.464758074423
"1473",1473,"1988-01-12",147.630449056011
"1474",1474,"1988-01-13",144.162081436626
"1475",1475,"1988-01-14",141.163231788917
"1476",1476,"1988-01-15",137.500206803334
"1477",1477,"1988-01-16",133.806489391209
"1478",1478,"1988-01-17",130.470418822627
"1479",1479,"1988-01-18",148.498601135828
"1480",1480,"1988-01-19",171.622102666167
"1481",1481,"1988-01-20",342.030308783509
"1482",1482,"1988-01-21",407.315416938855
"1483",1483,"1988-01-22",333.581340459084
"1484",1484,"1988-01-23",252.365081202003
"1485",1485,"1988-01-24",210.814479605965
"1486",1486,"1988-01-25",191.492395793542
"1487",1487,"1988-01-26",181.902614766945
"1488",1488,"1988-01-27",173.516132648418
"1489",1489,"1988-01-28",168.319827016596
"1490",1490,"1988-01-29",163.893816464893
"1491",1491,"1988-01-30",159.610058195158
"1492",1492,"1988-01-31",173.126321210691
"1493",1493,"1988-02-01",218.787872291376
"1494",1494,"1988-02-02",228.841651921416
"1495",1495,"1988-02-03",234.30000258649
"1496",1496,"1988-02-04",420.958113341313
"1497",1497,"1988-02-05",423.840109531347
"1498",1498,"1988-02-06",333.05141929789
"1499",1499,"1988-02-07",290.329864736836
"1500",1500,"1988-02-08",268.30159462395
"1501",1501,"1988-02-09",255.983027204448
"1502",1502,"1988-02-10",247.679109591342
"1503",1503,"1988-02-11",241.050174356077
"1504",1504,"1988-02-12",235.457078455665
"1505",1505,"1988-02-13",229.599359464046
"1506",1506,"1988-02-14",223.67276616814
"1507",1507,"1988-02-15",218.248477277669
"1508",1508,"1988-02-16",224.385923447565
"1509",1509,"1988-02-17",237.986674768958
"1510",1510,"1988-02-18",222.246654435673
"1511",1511,"1988-02-19",215.112568570592
"1512",1512,"1988-02-20",222.008676066249
"1513",1513,"1988-02-21",216.011245794342
"1514",1514,"1988-02-22",208.055568125643
"1515",1515,"1988-02-23",201.489355550598
"1516",1516,"1988-02-24",196.703280876253
"1517",1517,"1988-02-25",190.756230853072
"1518",1518,"1988-02-26",185.664445745771
"1519",1519,"1988-02-27",180.745711978302
"1520",1520,"1988-02-28",176.037874896934
"1521",1521,"1988-02-29",171.443627548167
"1522",1522,"1988-03-01",166.930954621667
"1523",1523,"1988-03-02",162.453691864412
"1524",1524,"1988-03-03",158.132452004896
"1525",1525,"1988-03-04",154.728130837023
"1526",1526,"1988-03-05",154.983280378217
"1527",1527,"1988-03-06",154.095534856278
"1528",1528,"1988-03-07",149.578512178569
"1529",1529,"1988-03-08",145.349723892261
"1530",1530,"1988-03-09",142.034281266067
"1531",1531,"1988-03-10",149.433185032485
"1532",1532,"1988-03-11",159.887146765024
"1533",1533,"1988-03-12",156.013417281799
"1534",1534,"1988-03-13",158.580489185285
"1535",1535,"1988-03-14",154.553910384336
"1536",1536,"1988-03-15",146.155654705941
"1537",1537,"1988-03-16",139.475750254061
"1538",1538,"1988-03-17",134.369613075188
"1539",1539,"1988-03-18",130.157654236257
"1540",1540,"1988-03-19",126.690797504539
"1541",1541,"1988-03-20",123.026354599685
"1542",1542,"1988-03-21",119.649220980121
"1543",1543,"1988-03-22",116.475851727193
"1544",1544,"1988-03-23",113.323234275361
"1545",1545,"1988-03-24",110.107143025063
"1546",1546,"1988-03-25",107.018858593265
"1547",1547,"1988-03-26",104.776704609892
"1548",1548,"1988-03-27",106.731775890708
"1549",1549,"1988-03-28",105.982239433064
"1550",1550,"1988-03-29",105.064657580315
"1551",1551,"1988-03-30",101.496642881007
"1552",1552,"1988-03-31",98.1572312783834
"1553",1553,"1988-04-01",95.264002787048
"1554",1554,"1988-04-02",92.8370552682057
"1555",1555,"1988-04-03",90.4337567259573
"1556",1556,"1988-04-04",278.76862300892
"1557",1557,"1988-04-05",248.827005789447
"1558",1558,"1988-04-06",174.493061027237
"1559",1559,"1988-04-07",149.667886316409
"1560",1560,"1988-04-08",152.402948025546
"1561",1561,"1988-04-09",146.403039419917
"1562",1562,"1988-04-10",132.660894009624
"1563",1563,"1988-04-11",123.978479978772
"1564",1564,"1988-04-12",118.304156185197
"1565",1565,"1988-04-13",132.333893410925
"1566",1566,"1988-04-14",135.091691337595
"1567",1567,"1988-04-15",127.800706080445
"1568",1568,"1988-04-16",121.461480751891
"1569",1569,"1988-04-17",116.188257905174
"1570",1570,"1988-04-18",112.367570722851
"1571",1571,"1988-04-19",198.733092071318
"1572",1572,"1988-04-20",247.881737787394
"1573",1573,"1988-04-21",223.372086212676
"1574",1574,"1988-04-22",175.10283614081
"1575",1575,"1988-04-23",151.332413833589
"1576",1576,"1988-04-24",218.46013848261
"1577",1577,"1988-04-25",205.112110247473
"1578",1578,"1988-04-26",168.688246547679
"1579",1579,"1988-04-27",151.548176437075
"1580",1580,"1988-04-28",141.870809401737
"1581",1581,"1988-04-29",135.228523471396
"1582",1582,"1988-04-30",130.205217048537
"1583",1583,"1988-05-01",126.024066241642
"1584",1584,"1988-05-02",122.240224526471
"1585",1585,"1988-05-03",118.708319765079
"1586",1586,"1988-05-04",115.968893603223
"1587",1587,"1988-05-05",114.18413091309
"1588",1588,"1988-05-06",111.240353292209
"1589",1589,"1988-05-07",107.559922061951
"1590",1590,"1988-05-08",104.190176102271
"1591",1591,"1988-05-09",101.118699368086
"1592",1592,"1988-05-10",102.208121687656
"1593",1593,"1988-05-11",100.375145179605
"1594",1594,"1988-05-12",97.6938166314104
"1595",1595,"1988-05-13",94.7093484482096
"1596",1596,"1988-05-14",91.9196205465127
"1597",1597,"1988-05-15",89.524390713099
"1598",1598,"1988-05-16",86.9721397514531
"1599",1599,"1988-05-17",88.3427945104622
"1600",1600,"1988-05-18",107.581235469793
"1601",1601,"1988-05-19",112.093246334272
"1602",1602,"1988-05-20",111.353507369063
"1603",1603,"1988-05-21",107.076578999261
"1604",1604,"1988-05-22",103.192581963497
"1605",1605,"1988-05-23",99.9271580579572
"1606",1606,"1988-05-24",99.0821327788882
"1607",1607,"1988-05-25",111.731030653749
"1608",1608,"1988-05-26",117.432274454372
"1609",1609,"1988-05-27",110.546654867524
"1610",1610,"1988-05-28",104.685649559107
"1611",1611,"1988-05-29",100.355359312065
"1612",1612,"1988-05-30",96.8616357125002
"1613",1613,"1988-05-31",93.7739820994943
"1614",1614,"1988-06-01",90.9516263598503
"1615",1615,"1988-06-02",88.3411554131285
"1616",1616,"1988-06-03",86.2900209688825
"1617",1617,"1988-06-04",84.7697553433322
"1618",1618,"1988-06-05",82.61102497099
"1619",1619,"1988-06-06",79.654447906188
"1620",1620,"1988-06-07",77.1316093666967
"1621",1621,"1988-06-08",74.8064592252417
"1622",1622,"1988-06-09",73.0478675466205
"1623",1623,"1988-06-10",84.0409670870307
"1624",1624,"1988-06-11",96.0006515715466
"1625",1625,"1988-06-12",87.2021749445841
"1626",1626,"1988-06-13",80.184104152832
"1627",1627,"1988-06-14",75.6430133441683
"1628",1628,"1988-06-15",72.4774796329215
"1629",1629,"1988-06-16",71.3944816764735
"1630",1630,"1988-06-17",72.6845880686859
"1631",1631,"1988-06-18",81.5215721241078
"1632",1632,"1988-06-19",100.942617208168
"1633",1633,"1988-06-20",98.9415472125224
"1634",1634,"1988-06-21",93.5670188839926
"1635",1635,"1988-06-22",88.2930832056369
"1636",1636,"1988-06-23",84.73451838066
"1637",1637,"1988-06-24",83.1279248094084
"1638",1638,"1988-06-25",81.1764011954791
"1639",1639,"1988-06-26",78.1280774283097
"1640",1640,"1988-06-27",75.9568620862131
"1641",1641,"1988-06-28",73.9877768433394
"1642",1642,"1988-06-29",71.8105405120536
"1643",1643,"1988-06-30",69.7589723430208
"1644",1644,"1988-07-01",68.1896608828352
"1645",1645,"1988-07-02",66.2783549477877
"1646",1646,"1988-07-03",64.0838053351801
"1647",1647,"1988-07-04",62.0774105898473
"1648",1648,"1988-07-05",60.2347995915929
"1649",1649,"1988-07-06",58.5182156670371
"1650",1650,"1988-07-07",56.735073057059
"1651",1651,"1988-07-08",54.9101385773249
"1652",1652,"1988-07-09",53.2119783871167
"1653",1653,"1988-07-10",52.215871898951
"1654",1654,"1988-07-11",51.8717084976551
"1655",1655,"1988-07-12",57.0253702124492
"1656",1656,"1988-07-13",59.9038306036872
"1657",1657,"1988-07-14",64.5038852151686
"1658",1658,"1988-07-15",62.321396759452
"1659",1659,"1988-07-16",59.8514378160891
"1660",1660,"1988-07-17",57.8101429017235
"1661",1661,"1988-07-18",56.1420891800454
"1662",1662,"1988-07-19",57.1439430409277
"1663",1663,"1988-07-20",63.5034035657769
"1664",1664,"1988-07-21",64.3037321866695
"1665",1665,"1988-07-22",95.8643245424964
"1666",1666,"1988-07-23",92.9361485156385
"1667",1667,"1988-07-24",81.4947666587602
"1668",1668,"1988-07-25",74.371415073776
"1669",1669,"1988-07-26",70.3971402161163
"1670",1670,"1988-07-27",68.3589011133961
"1671",1671,"1988-07-28",84.2745581095126
"1672",1672,"1988-07-29",110.903678283364
"1673",1673,"1988-07-30",98.2410628563092
"1674",1674,"1988-07-31",85.7999253656442
"1675",1675,"1988-08-01",78.2534407611112
"1676",1676,"1988-08-02",73.8310405745039
"1677",1677,"1988-08-03",70.803454945504
"1678",1678,"1988-08-04",70.245212061918
"1679",1679,"1988-08-05",73.5001136744594
"1680",1680,"1988-08-06",72.3664944976262
"1681",1681,"1988-08-07",70.9089001980115
"1682",1682,"1988-08-08",68.5471987607654
"1683",1683,"1988-08-09",66.0948389563715
"1684",1684,"1988-08-10",64.2746330286804
"1685",1685,"1988-08-11",62.4685384227357
"1686",1686,"1988-08-12",63.464508120311
"1687",1687,"1988-08-13",68.0478148636777
"1688",1688,"1988-08-14",68.0738938344617
"1689",1689,"1988-08-15",65.7078997177108
"1690",1690,"1988-08-16",63.9181991000217
"1691",1691,"1988-08-17",61.6492381892166
"1692",1692,"1988-08-18",59.5770415635452
"1693",1693,"1988-08-19",57.8471922993856
"1694",1694,"1988-08-20",57.6323045768945
"1695",1695,"1988-08-21",59.4599796882739
"1696",1696,"1988-08-22",73.1756546370661
"1697",1697,"1988-08-23",72.0957713739275
"1698",1698,"1988-08-24",68.91312007378
"1699",1699,"1988-08-25",66.0219362065047
"1700",1700,"1988-08-26",63.6137266541761
"1701",1701,"1988-08-27",61.5126967379413
"1702",1702,"1988-08-28",59.9824696547633
"1703",1703,"1988-08-29",83.2940137844693
"1704",1704,"1988-08-30",97.0653931216324
"1705",1705,"1988-08-31",92.4811235503791
"1706",1706,"1988-09-01",88.7145706493061
"1707",1707,"1988-09-02",83.6183271428079
"1708",1708,"1988-09-03",80.2361134962183
"1709",1709,"1988-09-04",98.2253352911192
"1710",1710,"1988-09-05",105.074112239192
"1711",1711,"1988-09-06",132.626210143359
"1712",1712,"1988-09-07",125.933788656704
"1713",1713,"1988-09-08",114.601831235756
"1714",1714,"1988-09-09",107.212562972917
"1715",1715,"1988-09-10",105.358042738414
"1716",1716,"1988-09-11",102.161223856525
"1717",1717,"1988-09-12",98.3526862922348
"1718",1718,"1988-09-13",96.1473193985169
"1719",1719,"1988-09-14",92.8086359693327
"1720",1720,"1988-09-15",89.9250301908594
"1721",1721,"1988-09-16",88.0970755037535
"1722",1722,"1988-09-17",112.22016816827
"1723",1723,"1988-09-18",216.420782110526
"1724",1724,"1988-09-19",189.818278818356
"1725",1725,"1988-09-20",157.21768338384
"1726",1726,"1988-09-21",141.177981194502
"1727",1727,"1988-09-22",130.704938757681
"1728",1728,"1988-09-23",123.814325623574
"1729",1729,"1988-09-24",119.580535637626
"1730",1730,"1988-09-25",128.07196445304
"1731",1731,"1988-09-26",129.082055737202
"1732",1732,"1988-09-27",123.659919438154
"1733",1733,"1988-09-28",119.033682239486
"1734",1734,"1988-09-29",115.163030131129
"1735",1735,"1988-09-30",111.586375738734
"1736",1736,"1988-10-01",108.29615015438
"1737",1737,"1988-10-02",109.493463122949
"1738",1738,"1988-10-03",118.826335741106
"1739",1739,"1988-10-04",129.814126135798
"1740",1740,"1988-10-05",124.508186062324
"1741",1741,"1988-10-06",118.680464921496
"1742",1742,"1988-10-07",114.083307213263
"1743",1743,"1988-10-08",110.291498025992
"1744",1744,"1988-10-09",106.905195317824
"1745",1745,"1988-10-10",103.75515934724
"1746",1746,"1988-10-11",100.724778510518
"1747",1747,"1988-10-12",97.8951158936674
"1748",1748,"1988-10-13",95.2084695633735
"1749",1749,"1988-10-14",92.5502180294363
"1750",1750,"1988-10-15",89.8781838049283
"1751",1751,"1988-10-16",87.3157644150179
"1752",1752,"1988-10-17",84.8161771752743
"1753",1753,"1988-10-18",82.3609274553864
"1754",1754,"1988-10-19",80.1091687780797
"1755",1755,"1988-10-20",77.9223477329985
"1756",1756,"1988-10-21",84.1009708653693
"1757",1757,"1988-10-22",96.6166189247141
"1758",1758,"1988-10-23",97.5895859222476
"1759",1759,"1988-10-24",99.5535851284253
"1760",1760,"1988-10-25",101.505090723426
"1761",1761,"1988-10-26",101.5349351562
"1762",1762,"1988-10-27",99.1759801333943
"1763",1763,"1988-10-28",96.3223908951833
"1764",1764,"1988-10-29",93.7916971111651
"1765",1765,"1988-10-30",91.0920717728317
"1766",1766,"1988-10-31",88.589410949556
"1767",1767,"1988-11-01",92.5438179520382
"1768",1768,"1988-11-02",91.8825158719807
"1769",1769,"1988-11-03",88.9099722869972
"1770",1770,"1988-11-04",86.0613370996033
"1771",1771,"1988-11-05",215.32265453095
"1772",1772,"1988-11-06",242.022412973463
"1773",1773,"1988-11-07",193.771095718453
"1774",1774,"1988-11-08",165.874192709232
"1775",1775,"1988-11-09",152.568201767305
"1776",1776,"1988-11-10",144.469583880767
"1777",1777,"1988-11-11",138.816354268097
"1778",1778,"1988-11-12",134.108463240861
"1779",1779,"1988-11-13",130.287030899712
"1780",1780,"1988-11-14",126.481908159347
"1781",1781,"1988-11-15",123.000856605743
"1782",1782,"1988-11-16",119.662127362904
"1783",1783,"1988-11-17",165.464925366142
"1784",1784,"1988-11-18",161.573384318224
"1785",1785,"1988-11-19",142.190443011398
"1786",1786,"1988-11-20",131.715864528978
"1787",1787,"1988-11-21",125.790060758594
"1788",1788,"1988-11-22",120.522825938627
"1789",1789,"1988-11-23",116.807991224498
"1790",1790,"1988-11-24",118.117816404831
"1791",1791,"1988-11-25",128.745501425936
"1792",1792,"1988-11-26",128.76174135084
"1793",1793,"1988-11-27",126.795400662031
"1794",1794,"1988-11-28",141.536550260323
"1795",1795,"1988-11-29",148.695189864971
"1796",1796,"1988-11-30",144.180767781481
"1797",1797,"1988-12-01",139.157829753449
"1798",1798,"1988-12-02",135.024091365817
"1799",1799,"1988-12-03",131.84986994966
"1800",1800,"1988-12-04",130.918578263514
"1801",1801,"1988-12-05",128.578627795607
"1802",1802,"1988-12-06",125.369902047053
"1803",1803,"1988-12-07",122.087544926485
"1804",1804,"1988-12-08",118.898505079238
"1805",1805,"1988-12-09",117.249575369787
"1806",1806,"1988-12-10",113.295012594827
"1807",1807,"1988-12-11",110.127150539541
"1808",1808,"1988-12-12",107.154892076121
"1809",1809,"1988-12-13",104.396428195261
"1810",1810,"1988-12-14",101.662515023925
"1811",1811,"1988-12-15",98.9899999803906
"1812",1812,"1988-12-16",96.9884688736068
"1813",1813,"1988-12-17",94.6788426542072
"1814",1814,"1988-12-18",92.4026275314809
"1815",1815,"1988-12-19",89.8446166887352
"1816",1816,"1988-12-20",87.5213327970557
"1817",1817,"1988-12-21",86.5841660528584
"1818",1818,"1988-12-22",88.3506350938128
"1819",1819,"1988-12-23",93.4690194722413
"1820",1820,"1988-12-24",94.1948812609413
"1821",1821,"1988-12-25",124.527055646675
"1822",1822,"1988-12-26",128.597186082043
"1823",1823,"1988-12-27",114.857850207899
"1824",1824,"1988-12-28",106.53103869399
"1825",1825,"1988-12-29",105.628420139676
"1826",1826,"1988-12-30",104.571843483405
"1827",1827,"1988-12-31",103.822885446476
"1828",1828,"1989-01-01",180.51147191139
"1829",1829,"1989-01-02",187.349474760256
"1830",1830,"1989-01-03",163.120453377329
"1831",1831,"1989-01-04",151.838947847237
"1832",1832,"1989-01-05",143.647275202092
"1833",1833,"1989-01-06",139.652584812643
"1834",1834,"1989-01-07",137.81804719181
"1835",1835,"1989-01-08",161.666469931852
"1836",1836,"1989-01-09",173.002326731628
"1837",1837,"1989-01-10",160.307782418546
"1838",1838,"1989-01-11",150.616919336785
"1839",1839,"1989-01-12",187.777478965734
"1840",1840,"1989-01-13",227.660225088641
"1841",1841,"1989-01-14",208.888750325257
"1842",1842,"1989-01-15",194.771775807976
"1843",1843,"1989-01-16",194.747620209089
"1844",1844,"1989-01-17",196.000836288494
"1845",1845,"1989-01-18",188.678199628751
"1846",1846,"1989-01-19",185.26795112071
"1847",1847,"1989-01-20",186.384286817532
"1848",1848,"1989-01-21",181.94780471724
"1849",1849,"1989-01-22",177.148778395999
"1850",1850,"1989-01-23",172.528786969377
"1851",1851,"1989-01-24",168.094024633138
"1852",1852,"1989-01-25",163.819063724637
"1853",1853,"1989-01-26",159.639613473032
"1854",1854,"1989-01-27",156.805708411877
"1855",1855,"1989-01-28",153.088855330705
"1856",1856,"1989-01-29",149.240656158526
"1857",1857,"1989-01-30",145.72863367653
"1858",1858,"1989-01-31",142.289493979386
"1859",1859,"1989-02-01",138.222889662807
"1860",1860,"1989-02-02",134.522374970354
"1861",1861,"1989-02-03",130.938362583261
"1862",1862,"1989-02-04",127.87957499134
"1863",1863,"1989-02-05",128.913352686496
"1864",1864,"1989-02-06",139.133478033599
"1865",1865,"1989-02-07",147.496158175973
"1866",1866,"1989-02-08",143.551869764848
"1867",1867,"1989-02-09",138.099745663057
"1868",1868,"1989-02-10",133.335970597622
"1869",1869,"1989-02-11",129.203358065318
"1870",1870,"1989-02-12",125.416201719331
"1871",1871,"1989-02-13",121.99586238441
"1872",1872,"1989-02-14",118.637204448561
"1873",1873,"1989-02-15",117.458231043658
"1874",1874,"1989-02-16",116.57197305637
"1875",1875,"1989-02-17",115.991339798688
"1876",1876,"1989-02-18",124.150349198238
"1877",1877,"1989-02-19",115.492266977681
"1878",1878,"1989-02-20",114.797984379735
"1879",1879,"1989-02-21",250.373080328728
"1880",1880,"1989-02-22",342.832577277684
"1881",1881,"1989-02-23",278.151979774514
"1882",1882,"1989-02-24",231.833294451443
"1883",1883,"1989-02-25",205.908733180415
"1884",1884,"1989-02-26",193.133409818926
"1885",1885,"1989-02-27",191.678504756173
"1886",1886,"1989-02-28",206.365711359216
"1887",1887,"1989-03-01",203.167730720267
"1888",1888,"1989-03-02",209.243486058126
"1889",1889,"1989-03-03",216.809517252541
"1890",1890,"1989-03-04",278.630587675532
"1891",1891,"1989-03-05",326.333049525579
"1892",1892,"1989-03-06",360.108413057633
"1893",1893,"1989-03-07",369.082037123937
"1894",1894,"1989-03-08",350.091146210068
"1895",1895,"1989-03-09",315.827141803279
"1896",1896,"1989-03-10",295.685706402886
"1897",1897,"1989-03-11",283.072568069877
"1898",1898,"1989-03-12",273.867003487724
"1899",1899,"1989-03-13",269.771415013648
"1900",1900,"1989-03-14",265.1836989467
"1901",1901,"1989-03-15",268.749394240849
"1902",1902,"1989-03-16",266.366691318843
"1903",1903,"1989-03-17",257.408923556772
"1904",1904,"1989-03-18",250.245288867155
"1905",1905,"1989-03-19",245.510303249921
"1906",1906,"1989-03-20",254.586385444799
"1907",1907,"1989-03-21",357.011359543329
"1908",1908,"1989-03-22",347.237359020767
"1909",1909,"1989-03-23",307.272986092642
"1910",1910,"1989-03-24",432.43601521042
"1911",1911,"1989-03-25",482.323373790859
"1912",1912,"1989-03-26",367.576334815932
"1913",1913,"1989-03-27",312.350258097431
"1914",1914,"1989-03-28",284.388583644552
"1915",1915,"1989-03-29",268.056086722048
"1916",1916,"1989-03-30",257.660941716729
"1917",1917,"1989-03-31",249.1154942306
"1918",1918,"1989-04-01",241.63425132141
"1919",1919,"1989-04-02",234.388895749013
"1920",1920,"1989-04-03",231.10492519321
"1921",1921,"1989-04-04",224.137873989399
"1922",1922,"1989-04-05",233.250372771687
"1923",1923,"1989-04-06",234.445769114115
"1924",1924,"1989-04-07",229.483943789821
"1925",1925,"1989-04-08",232.656056577918
"1926",1926,"1989-04-09",251.203825385064
"1927",1927,"1989-04-10",246.602577274169
"1928",1928,"1989-04-11",230.449391025633
"1929",1929,"1989-04-12",219.531995810442
"1930",1930,"1989-04-13",211.492495437157
"1931",1931,"1989-04-14",204.968422349973
"1932",1932,"1989-04-15",222.794011657979
"1933",1933,"1989-04-16",218.009623724749
"1934",1934,"1989-04-17",204.666549837888
"1935",1935,"1989-04-18",195.508534354672
"1936",1936,"1989-04-19",188.635382490026
"1937",1937,"1989-04-20",182.890701218559
"1938",1938,"1989-04-21",177.520551746799
"1939",1939,"1989-04-22",172.36729552344
"1940",1940,"1989-04-23",167.389810066292
"1941",1941,"1989-04-24",162.58981957608
"1942",1942,"1989-04-25",158.061639682661
"1943",1943,"1989-04-26",153.995222815373
"1944",1944,"1989-04-27",149.943501054884
"1945",1945,"1989-04-28",146.354800872607
"1946",1946,"1989-04-29",150.262847692688
"1947",1947,"1989-04-30",171.720791188499
"1948",1948,"1989-05-01",222.027759442616
"1949",1949,"1989-05-02",442.259741371275
"1950",1950,"1989-05-03",458.203549383879
"1951",1951,"1989-05-04",336.214698676813
"1952",1952,"1989-05-05",283.642303299061
"1953",1953,"1989-05-06",782.577603984255
"1954",1954,"1989-05-07",702.520651837824
"1955",1955,"1989-05-08",457.615994523329
"1956",1956,"1989-05-09",342.901171567619
"1957",1957,"1989-05-10",364.912070001519
"1958",1958,"1989-05-11",398.91783255882
"1959",1959,"1989-05-12",327.128762890837
"1960",1960,"1989-05-13",287.832714594995
"1961",1961,"1989-05-14",266.81376312026
"1962",1962,"1989-05-15",255.068323419269
"1963",1963,"1989-05-16",246.666566401892
"1964",1964,"1989-05-17",238.757621787425
"1965",1965,"1989-05-18",231.844326079153
"1966",1966,"1989-05-19",225.156437840329
"1967",1967,"1989-05-20",218.707786623844
"1968",1968,"1989-05-21",212.421475467191
"1969",1969,"1989-05-22",206.378673089453
"1970",1970,"1989-05-23",214.732941255849
"1971",1971,"1989-05-24",211.017193510408
"1972",1972,"1989-05-25",202.415439292468
"1973",1973,"1989-05-26",195.426370309099
"1974",1974,"1989-05-27",196.227878469021
"1975",1975,"1989-05-28",189.675990942198
"1976",1976,"1989-05-29",183.732279412057
"1977",1977,"1989-05-30",178.078265063451
"1978",1978,"1989-05-31",172.817508386101
"1979",1979,"1989-06-01",167.772840457869
"1980",1980,"1989-06-02",162.973155845776
"1981",1981,"1989-06-03",158.615953703733
"1982",1982,"1989-06-04",161.047529465552
"1983",1983,"1989-06-05",171.845759718206
"1984",1984,"1989-06-06",168.142481232676
"1985",1985,"1989-06-07",172.684493351074
"1986",1986,"1989-06-08",173.870275934645
"1987",1987,"1989-06-09",200.418021043945
"1988",1988,"1989-06-10",201.100557438125
"1989",1989,"1989-06-11",200.584939444304
"1990",1990,"1989-06-12",190.523643591795
"1991",1991,"1989-06-13",200.827350046659
"1992",1992,"1989-06-14",206.483784144781
"1993",1993,"1989-06-15",201.498290599839
"1994",1994,"1989-06-16",214.070218120602
"1995",1995,"1989-06-17",477.941773848102
"1996",1996,"1989-06-18",398.725758090578
"1997",1997,"1989-06-19",294.199531642375
"1998",1998,"1989-06-20",245.062557528474
"1999",1999,"1989-06-21",284.46262273642
"2000",2000,"1989-06-22",299.016717756456
"2001",2001,"1989-06-23",254.946124379726
"2002",2002,"1989-06-24",227.883466656655
"2003",2003,"1989-06-25",211.990347442981
"2004",2004,"1989-06-26",202.343861896811
"2005",2005,"1989-06-27",197.636318946471
"2006",2006,"1989-06-28",192.568512223357
"2007",2007,"1989-06-29",185.259906682474
"2008",2008,"1989-06-30",179.026924748164
"2009",2009,"1989-07-01",173.695273619774
"2010",2010,"1989-07-02",169.390963688118
"2011",2011,"1989-07-03",167.044087528549
"2012",2012,"1989-07-04",274.355615776189
"2013",2013,"1989-07-05",931.044662012562
"2014",2014,"1989-07-06",1607.69539248465
"2015",2015,"1989-07-07",1964.22494241443
"2016",2016,"1989-07-08",1076.65707148225
"2017",2017,"1989-07-09",666.444283679862
"2018",2018,"1989-07-10",482.634247145979
"2019",2019,"1989-07-11",394.670251901337
"2020",2020,"1989-07-12",351.12129929741
"2021",2021,"1989-07-13",328.221492631635
"2022",2022,"1989-07-14",313.6323583076
"2023",2023,"1989-07-15",302.221913226842
"2024",2024,"1989-07-16",294.969122703695
"2025",2025,"1989-07-17",290.306454095108
"2026",2026,"1989-07-18",281.236526367632
"2027",2027,"1989-07-19",272.999152849355
"2028",2028,"1989-07-20",266.065945015002
"2029",2029,"1989-07-21",287.980010966965
"2030",2030,"1989-07-22",308.357779539027
"2031",2031,"1989-07-23",328.159030625755
"2032",2032,"1989-07-24",317.946209095564
"2033",2033,"1989-07-25",292.494583090554
"2034",2034,"1989-07-26",275.628761778772
"2035",2035,"1989-07-27",382.612671671888
"2036",2036,"1989-07-28",351.501210206091
"2037",2037,"1989-07-29",303.36531573406
"2038",2038,"1989-07-30",275.402588227569
"2039",2039,"1989-07-31",258.937643306662
"2040",2040,"1989-08-01",248.431294337404
"2041",2041,"1989-08-02",258.913983556019
"2042",2042,"1989-08-03",264.2213709417
"2043",2043,"1989-08-04",246.683131514511
"2044",2044,"1989-08-05",234.175977302823
"2045",2045,"1989-08-06",228.904394143315
"2046",2046,"1989-08-07",219.575268766552
"2047",2047,"1989-08-08",212.896215852736
"2048",2048,"1989-08-09",206.706797778894
"2049",2049,"1989-08-10",200.651442298273
"2050",2050,"1989-08-11",194.887314246865
"2051",2051,"1989-08-12",190.083599525441
"2052",2052,"1989-08-13",184.08009943577
"2053",2053,"1989-08-14",178.832153389806
"2054",2054,"1989-08-15",192.69645402753
"2055",2055,"1989-08-16",212.513871934946
"2056",2056,"1989-08-17",220.13062585873
"2057",2057,"1989-08-18",217.85028784482
"2058",2058,"1989-08-19",235.471506606038
"2059",2059,"1989-08-20",228.003297270882
"2060",2060,"1989-08-21",229.199203477397
"2061",2061,"1989-08-22",217.04859677311
"2062",2062,"1989-08-23",206.64642720898
"2063",2063,"1989-08-24",199.012347586241
"2064",2064,"1989-08-25",194.350198168831
"2065",2065,"1989-08-26",197.048390498175
"2066",2066,"1989-08-27",219.805462999163
"2067",2067,"1989-08-28",208.410479812795
"2068",2068,"1989-08-29",199.245259228566
"2069",2069,"1989-08-30",199.901706694664
"2070",2070,"1989-08-31",192.292391049131
"2071",2071,"1989-09-01",185.684548446979
"2072",2072,"1989-09-02",179.887075697692
"2073",2073,"1989-09-03",174.547090235042
"2074",2074,"1989-09-04",169.696814682834
"2075",2075,"1989-09-05",164.96463238537
"2076",2076,"1989-09-06",161.718419148282
"2077",2077,"1989-09-07",160.637572674089
"2078",2078,"1989-09-08",163.270735728773
"2079",2079,"1989-09-09",174.48538770633
"2080",2080,"1989-09-10",164.803041870617
"2081",2081,"1989-09-11",157.647124616518
"2082",2082,"1989-09-12",153.431585738137
"2083",2083,"1989-09-13",180.621905099779
"2084",2084,"1989-09-14",211.330821684432
"2085",2085,"1989-09-15",197.826886157049
"2086",2086,"1989-09-16",235.709355858293
"2087",2087,"1989-09-17",539.025257125933
"2088",2088,"1989-09-18",501.995801335748
"2089",2089,"1989-09-19",339.972557777596
"2090",2090,"1989-09-20",264.931816458082
"2091",2091,"1989-09-21",238.702583287702
"2092",2092,"1989-09-22",1164.03210367749
"2093",2093,"1989-09-23",3528.18738453183
"2094",2094,"1989-09-24",1903.04427494776
"2095",2095,"1989-09-25",985.070875418599
"2096",2096,"1989-09-26",722.870564931053
"2097",2097,"1989-09-27",526.339589429137
"2098",2098,"1989-09-28",419.411535391283
"2099",2099,"1989-09-29",367.294587238819
"2100",2100,"1989-09-30",368.495782207581
"2101",2101,"1989-10-01",749.082585083803
"2102",2102,"1989-10-02",934.782649925624
"2103",2103,"1989-10-03",737.448365833012
"2104",2104,"1989-10-04",563.300722927484
"2105",2105,"1989-10-05",484.628005545415
"2106",2106,"1989-10-06",442.06353752322
"2107",2107,"1989-10-07",417.642550420874
"2108",2108,"1989-10-08",401.0512356885
"2109",2109,"1989-10-09",387.802520033608
"2110",2110,"1989-10-10",376.015111404451
"2111",2111,"1989-10-11",364.94069262086
"2112",2112,"1989-10-12",354.352579007125
"2113",2113,"1989-10-13",344.138742891264
"2114",2114,"1989-10-14",334.321931985814
"2115",2115,"1989-10-15",325.221958425974
"2116",2116,"1989-10-16",316.003607160367
"2117",2117,"1989-10-17",350.505048410805
"2118",2118,"1989-10-18",351.233206221398
"2119",2119,"1989-10-19",451.920202124185
"2120",2120,"1989-10-20",1050.25347507909
"2121",2121,"1989-10-21",686.206442010326
"2122",2122,"1989-10-22",491.019341040672
"2123",2123,"1989-10-23",399.225115236565
"2124",2124,"1989-10-24",354.454320411892
"2125",2125,"1989-10-25",331.379620785069
"2126",2126,"1989-10-26",317.183167718158
"2127",2127,"1989-10-27",306.134065478804
"2128",2128,"1989-10-28",296.708221309762
"2129",2129,"1989-10-29",288.092809258209
"2130",2130,"1989-10-30",279.857032033487
"2131",2131,"1989-10-31",272.310535293654
"2132",2132,"1989-11-01",264.651671728696
"2133",2133,"1989-11-02",257.031358940476
"2134",2134,"1989-11-03",249.831171084608
"2135",2135,"1989-11-04",242.820967067682
"2136",2136,"1989-11-05",235.935632410814
"2137",2137,"1989-11-06",229.772187004145
"2138",2138,"1989-11-07",223.690592807426
"2139",2139,"1989-11-08",224.532933553512
"2140",2140,"1989-11-09",225.930300355723
"2141",2141,"1989-11-10",220.751215455287
"2142",2142,"1989-11-11",212.791756735755
"2143",2143,"1989-11-12",205.844848667344
"2144",2144,"1989-11-13",199.72387116292
"2145",2145,"1989-11-14",193.945390787856
"2146",2146,"1989-11-15",192.237380883594
"2147",2147,"1989-11-16",393.406344859863
"2148",2148,"1989-11-17",497.119607112653
"2149",2149,"1989-11-18",355.544856874991
"2150",2150,"1989-11-19",286.601656151073
"2151",2151,"1989-11-20",310.058068075268
"2152",2152,"1989-11-21",376.290482479015
"2153",2153,"1989-11-22",355.583388090049
"2154",2154,"1989-11-23",372.606707693879
"2155",2155,"1989-11-24",381.73038229564
"2156",2156,"1989-11-25",331.136741811572
"2157",2157,"1989-11-26",314.759866042642
"2158",2158,"1989-11-27",329.575265575441
"2159",2159,"1989-11-28",361.819261220438
"2160",2160,"1989-11-29",376.188307137711
"2161",2161,"1989-11-30",361.37099333323
"2162",2162,"1989-12-01",346.782521333382
"2163",2163,"1989-12-02",338.05798445218
"2164",2164,"1989-12-03",329.217699751534
"2165",2165,"1989-12-04",320.085946529016
"2166",2166,"1989-12-05",311.183979718421
"2167",2167,"1989-12-06",303.138269066447
"2168",2168,"1989-12-07",299.819079874443
"2169",2169,"1989-12-08",320.819351760161
"2170",2170,"1989-12-09",342.562442128665
"2171",2171,"1989-12-10",320.58535550337
"2172",2172,"1989-12-11",307.276917082741
"2173",2173,"1989-12-12",294.984333724585
"2174",2174,"1989-12-13",288.705380885298
"2175",2175,"1989-12-14",274.744678021754
"2176",2176,"1989-12-15",266.606602765378
"2177",2177,"1989-12-16",260.58233845698
"2178",2178,"1989-12-17",252.499270845306
"2179",2179,"1989-12-18",245.560867317935
"2180",2180,"1989-12-19",240.065573160519
"2181",2181,"1989-12-20",235.059254493475
"2182",2182,"1989-12-21",227.871788737268
"2183",2183,"1989-12-22",221.34483171401
"2184",2184,"1989-12-23",215.449978705339
"2185",2185,"1989-12-24",209.718882314521
"2186",2186,"1989-12-25",204.148303671913
"2187",2187,"1989-12-26",198.985222141224
"2188",2188,"1989-12-27",193.664256176982
"2189",2189,"1989-12-28",190.108128207908
"2190",2190,"1989-12-29",183.314923667369
"2191",2191,"1989-12-30",178.796841684376
"2192",2192,"1989-12-31",230.553714320024
"2193",2193,"1990-01-01",809.062401373187
"2194",2194,"1990-01-02",662.704459893086
"2195",2195,"1990-01-03",402.871067362944
"2196",2196,"1990-01-04",349.382775744224
"2197",2197,"1990-01-05",412.537346152617
"2198",2198,"1990-01-06",945.584931563457
"2199",2199,"1990-01-07",605.781252589183
"2200",2200,"1990-01-08",671.706794051705
"2201",2201,"1990-01-09",629.412459413944
"2202",2202,"1990-01-10",528.573060885395
"2203",2203,"1990-01-11",500.237136512578
"2204",2204,"1990-01-12",404.582880955137
"2205",2205,"1990-01-13",404.056153288554
"2206",2206,"1990-01-14",319.863360630185
"2207",2207,"1990-01-15",274.917669063211
"2208",2208,"1990-01-16",318.125884383108
"2209",2209,"1990-01-17",447.10779420243
"2210",2210,"1990-01-18",574.059550613254
"2211",2211,"1990-01-19",585.631379954045
"2212",2212,"1990-01-20",536.21877688416
"2213",2213,"1990-01-21",926.781939455485
"2214",2214,"1990-01-22",582.146699255125
"2215",2215,"1990-01-23",414.353456066267
"2216",2216,"1990-01-24",335.71900662325
"2217",2217,"1990-01-25",427.806429233706
"2218",2218,"1990-01-26",425.075846191279
"2219",2219,"1990-01-27",354.45673693474
"2220",2220,"1990-01-28",318.399788886285
"2221",2221,"1990-01-29",302.516314790654
"2222",2222,"1990-01-30",331.476566754999
"2223",2223,"1990-01-31",464.248405132975
"2224",2224,"1990-02-01",371.986753700659
"2225",2225,"1990-02-02",322.616890934449
"2226",2226,"1990-02-03",316.968031542169
"2227",2227,"1990-02-04",783.2248971893
"2228",2228,"1990-02-05",835.86841132199
"2229",2229,"1990-02-06",543.106092362754
"2230",2230,"1990-02-07",418.686212713398
"2231",2231,"1990-02-08",354.332290621212
"2232",2232,"1990-02-09",323.33821824011
"2233",2233,"1990-02-10",1406.98623758489
"2234",2234,"1990-02-11",1015.21738801766
"2235",2235,"1990-02-12",637.3300587608
"2236",2236,"1990-02-13",471.787467678309
"2237",2237,"1990-02-14",392.480816004194
"2238",2238,"1990-02-15",358.086734040987
"2239",2239,"1990-02-16",632.048793880724
"2240",2240,"1990-02-17",902.587335385729
"2241",2241,"1990-02-18",809.614333658934
"2242",2242,"1990-02-19",990.033361352912
"2243",2243,"1990-02-20",738.178379431915
"2244",2244,"1990-02-21",545.107012656092
"2245",2245,"1990-02-22",462.848821558881
"2246",2246,"1990-02-23",524.881248821195
"2247",2247,"1990-02-24",702.227562671129
"2248",2248,"1990-02-25",555.856664754546
"2249",2249,"1990-02-26",460.836719244816
"2250",2250,"1990-02-27",411.996502717535
"2251",2251,"1990-02-28",386.274992689089
"2252",2252,"1990-03-01",370.408896927449
"2253",2253,"1990-03-02",359.26115648163
"2254",2254,"1990-03-03",653.513237904166
"2255",2255,"1990-03-04",826.514619473919
"2256",2256,"1990-03-05",564.653065852011
"2257",2257,"1990-03-06",444.190293916839
"2258",2258,"1990-03-07",384.788348750768
"2259",2259,"1990-03-08",355.159144567058
"2260",2260,"1990-03-09",338.228817406794
"2261",2261,"1990-03-10",326.302081370104
"2262",2262,"1990-03-11",316.196992361975
"2263",2263,"1990-03-12",306.949112741011
"2264",2264,"1990-03-13",298.094965313283
"2265",2265,"1990-03-14",289.560077403303
"2266",2266,"1990-03-15",281.332531057773
"2267",2267,"1990-03-16",283.644718006907
"2268",2268,"1990-03-17",2415.84451005901
"2269",2269,"1990-03-18",2020.62068289251
"2270",2270,"1990-03-19",1105.06788139291
"2271",2271,"1990-03-20",667.342573552105
"2272",2272,"1990-03-21",476.64531012177
"2273",2273,"1990-03-22",386.467044973983
"2274",2274,"1990-03-23",343.387200554793
"2275",2275,"1990-03-24",322.47581522701
"2276",2276,"1990-03-25",331.345200446895
"2277",2277,"1990-03-26",350.220737245331
"2278",2278,"1990-03-27",323.169297792594
"2279",2279,"1990-03-28",303.9908702664
"2280",2280,"1990-03-29",307.416662948885
"2281",2281,"1990-03-30",315.802532000341
"2282",2282,"1990-03-31",428.918800060407
"2283",2283,"1990-04-01",411.60926999318
"2284",2284,"1990-04-02",339.293105322538
"2285",2285,"1990-04-03",304.129980529207
"2286",2286,"1990-04-04",284.163512101578
"2287",2287,"1990-04-05",271.26466429592
"2288",2288,"1990-04-06",261.869453565881
"2289",2289,"1990-04-07",256.16172153426
"2290",2290,"1990-04-08",251.237296528027
"2291",2291,"1990-04-09",242.490385471616
"2292",2292,"1990-04-10",235.110861783845
"2293",2293,"1990-04-11",253.672260493753
"2294",2294,"1990-04-12",244.012858441126
"2295",2295,"1990-04-13",229.675943994263
"2296",2296,"1990-04-14",219.413251776934
"2297",2297,"1990-04-15",211.811120359901
"2298",2298,"1990-04-16",205.49957821615
"2299",2299,"1990-04-17",199.207272261784
"2300",2300,"1990-04-18",193.999344925195
"2301",2301,"1990-04-19",188.304560305467
"2302",2302,"1990-04-20",183.363882417239
"2303",2303,"1990-04-21",180.459537462012
"2304",2304,"1990-04-22",198.637798191106
"2305",2305,"1990-04-23",198.008416930403
"2306",2306,"1990-04-24",182.207215629168
"2307",2307,"1990-04-25",171.554535767745
"2308",2308,"1990-04-26",164.224586064834
"2309",2309,"1990-04-27",158.77144510862
"2310",2310,"1990-04-28",154.710925633981
"2311",2311,"1990-04-29",272.100651630305
"2312",2312,"1990-04-30",331.609744635967
"2313",2313,"1990-05-01",241.725972659136
"2314",2314,"1990-05-02",194.83003361566
"2315",2315,"1990-05-03",184.979174447283
"2316",2316,"1990-05-04",294.257292845564
"2317",2317,"1990-05-05",443.233530907186
"2318",2318,"1990-05-06",331.902414436551
"2319",2319,"1990-05-07",245.307816371879
"2320",2320,"1990-05-08",202.00647288666
"2321",2321,"1990-05-09",181.205857787947
"2322",2322,"1990-05-10",468.543256942128
"2323",2323,"1990-05-11",405.703481451029
"2324",2324,"1990-05-12",280.94889561538
"2325",2325,"1990-05-13",221.06847685838
"2326",2326,"1990-05-14",192.402769893359
"2327",2327,"1990-05-15",177.429212567659
"2328",2328,"1990-05-16",168.391397706832
"2329",2329,"1990-05-17",172.642379525313
"2330",2330,"1990-05-18",170.967241914452
"2331",2331,"1990-05-19",162.697256404196
"2332",2332,"1990-05-20",156.356190543425
"2333",2333,"1990-05-21",154.023775658001
"2334",2334,"1990-05-22",212.18208477475
"2335",2335,"1990-05-23",239.485159119691
"2336",2336,"1990-05-24",246.745648474594
"2337",2337,"1990-05-25",211.195280974401
"2338",2338,"1990-05-26",189.803081258724
"2339",2339,"1990-05-27",178.540225067629
"2340",2340,"1990-05-28",196.065223002314
"2341",2341,"1990-05-29",824.97969937743
"2342",2342,"1990-05-30",491.754860949883
"2343",2343,"1990-05-31",394.24146744701
"2344",2344,"1990-06-01",278.562452984234
"2345",2345,"1990-06-02",219.534812440221
"2346",2346,"1990-06-03",191.059740748323
"2347",2347,"1990-06-04",214.418969693681
"2348",2348,"1990-06-05",210.964199357454
"2349",2349,"1990-06-06",184.933781065604
"2350",2350,"1990-06-07",170.059754069877
"2351",2351,"1990-06-08",161.44679705953
"2352",2352,"1990-06-09",155.741836131408
"2353",2353,"1990-06-10",154.838237632738
"2354",2354,"1990-06-11",149.906745465582
"2355",2355,"1990-06-12",144.880106599687
"2356",2356,"1990-06-13",140.208436593482
"2357",2357,"1990-06-14",135.866641895792
"2358",2358,"1990-06-15",134.236199949898
"2359",2359,"1990-06-16",155.285597263096
"2360",2360,"1990-06-17",165.893694090459
"2361",2361,"1990-06-18",148.657790454411
"2362",2362,"1990-06-19",139.174427284006
"2363",2363,"1990-06-20",131.433514472301
"2364",2364,"1990-06-21",127.464474889811
"2365",2365,"1990-06-22",122.843589575099
"2366",2366,"1990-06-23",128.56768747254
"2367",2367,"1990-06-24",126.608303784164
"2368",2368,"1990-06-25",122.665273632704
"2369",2369,"1990-06-26",118.75773175604
"2370",2370,"1990-06-27",115.034213138419
"2371",2371,"1990-06-28",111.624279512919
"2372",2372,"1990-06-29",108.404660575872
"2373",2373,"1990-06-30",105.209571637168
"2374",2374,"1990-07-01",102.66756700263
"2375",2375,"1990-07-02",113.843090634776
"2376",2376,"1990-07-03",129.17256107454
"2377",2377,"1990-07-04",116.27113485801
"2378",2378,"1990-07-05",106.218527325496
"2379",2379,"1990-07-06",99.9979627975202
"2380",2380,"1990-07-07",95.6940001008019
"2381",2381,"1990-07-08",92.3204614894063
"2382",2382,"1990-07-09",89.2833598645732
"2383",2383,"1990-07-10",86.4852685028883
"2384",2384,"1990-07-11",83.9772023993306
"2385",2385,"1990-07-12",81.670519461502
"2386",2386,"1990-07-13",79.9629421073176
"2387",2387,"1990-07-14",159.836346383853
"2388",2388,"1990-07-15",736.008323109251
"2389",2389,"1990-07-16",832.518146334857
"2390",2390,"1990-07-17",493.721847678285
"2391",2391,"1990-07-18",321.924208532311
"2392",2392,"1990-07-19",242.119887612909
"2393",2393,"1990-07-20",203.19080059552
"2394",2394,"1990-07-21",183.894882647063
"2395",2395,"1990-07-22",173.411719158551
"2396",2396,"1990-07-23",168.958627377276
"2397",2397,"1990-07-24",162.97536051765
"2398",2398,"1990-07-25",157.624647742491
"2399",2399,"1990-07-26",153.273070137917
"2400",2400,"1990-07-27",148.84541544721
"2401",2401,"1990-07-28",144.44745533572
"2402",2402,"1990-07-29",140.228672445194
"2403",2403,"1990-07-30",136.272419142824
"2404",2404,"1990-07-31",132.532652579003
"2405",2405,"1990-08-01",128.642918919363
"2406",2406,"1990-08-02",124.996632984014
"2407",2407,"1990-08-03",121.4055308594
"2408",2408,"1990-08-04",117.87960141975
"2409",2409,"1990-08-05",114.719731888623
"2410",2410,"1990-08-06",161.979730033716
"2411",2411,"1990-08-07",179.93057799937
"2412",2412,"1990-08-08",161.213731495021
"2413",2413,"1990-08-09",169.212280349147
"2414",2414,"1990-08-10",168.846614679052
"2415",2415,"1990-08-11",185.801991326294
"2416",2416,"1990-08-12",186.107888250623
"2417",2417,"1990-08-13",163.481245870036
"2418",2418,"1990-08-14",151.627911758959
"2419",2419,"1990-08-15",143.454116472301
"2420",2420,"1990-08-16",137.122541908222
"2421",2421,"1990-08-17",132.256036615283
"2422",2422,"1990-08-18",128.26259509791
"2423",2423,"1990-08-19",124.417810447155
"2424",2424,"1990-08-20",120.636826244666
"2425",2425,"1990-08-21",117.56515958573
"2426",2426,"1990-08-22",120.011617863305
"2427",2427,"1990-08-23",152.811372955996
"2428",2428,"1990-08-24",233.825503545689
"2429",2429,"1990-08-25",206.297832280588
"2430",2430,"1990-08-26",190.939355197479
"2431",2431,"1990-08-27",167.030007858407
"2432",2432,"1990-08-28",152.723130773904
"2433",2433,"1990-08-29",144.073907518746
"2434",2434,"1990-08-30",137.730900514192
"2435",2435,"1990-08-31",132.749466471518
"2436",2436,"1990-09-01",128.446267219762
"2437",2437,"1990-09-02",124.47093185186
"2438",2438,"1990-09-03",120.719299268985
"2439",2439,"1990-09-04",117.302359774145
"2440",2440,"1990-09-05",113.956121130215
"2441",2441,"1990-09-06",110.668792928068
"2442",2442,"1990-09-07",107.466892330194
"2443",2443,"1990-09-08",106.490707769116
"2444",2444,"1990-09-09",104.791702534516
"2445",2445,"1990-09-10",102.500231278036
"2446",2446,"1990-09-11",99.9542493708688
"2447",2447,"1990-09-12",99.0303405247704
"2448",2448,"1990-09-13",107.214381861245
"2449",2449,"1990-09-14",116.982022725477
"2450",2450,"1990-09-15",115.092677841115
"2451",2451,"1990-09-16",110.377542050047
"2452",2452,"1990-09-17",106.516212876854
"2453",2453,"1990-09-18",103.224578024735
"2454",2454,"1990-09-19",100.102190143889
"2455",2455,"1990-09-20",97.2944512895341
"2456",2456,"1990-09-21",94.2643678508411
"2457",2457,"1990-09-22",93.5151191565954
"2458",2458,"1990-09-23",91.2341151380779
"2459",2459,"1990-09-24",88.6020865851866
"2460",2460,"1990-09-25",85.8495176971409
"2461",2461,"1990-09-26",83.3222532772233
"2462",2462,"1990-09-27",80.8810595820454
"2463",2463,"1990-09-28",78.5675176437652
"2464",2464,"1990-09-29",76.3181173538094
"2465",2465,"1990-09-30",74.1329589557025
"2466",2466,"1990-10-01",72.2942905887631
"2467",2467,"1990-10-02",70.8813607814703
"2468",2468,"1990-10-03",69.0077641331462
"2469",2469,"1990-10-04",67.6343420720575
"2470",2470,"1990-10-05",65.9664720032925
"2471",2471,"1990-10-06",63.7496567626305
"2472",2472,"1990-10-07",61.7577849056913
"2473",2473,"1990-10-08",59.928131533754
"2474",2474,"1990-10-09",58.159039901774
"2475",2475,"1990-10-10",59.5467942005053
"2476",2476,"1990-10-11",219.077393619462
"2477",2477,"1990-10-12",209.945895908779
"2478",2478,"1990-10-13",5194.05763556626
"2479",2479,"1990-10-14",2985.311957092
"2480",2480,"1990-10-15",1404.06751797141
"2481",2481,"1990-10-16",727.693646824448
"2482",2482,"1990-10-17",445.982323251651
"2483",2483,"1990-10-18",780.942659877467
"2484",2484,"1990-10-19",835.59468927685
"2485",2485,"1990-10-20",576.310837112957
"2486",2486,"1990-10-21",439.1627060574
"2487",2487,"1990-10-22",491.393281301238
"2488",2488,"1990-10-23",2328.59068999641
"2489",2489,"1990-10-24",1015.5768924141
"2490",2490,"1990-10-25",632.94810595156
"2491",2491,"1990-10-26",491.907412809077
"2492",2492,"1990-10-27",436.239593737681
"2493",2493,"1990-10-28",377.845704422677
"2494",2494,"1990-10-29",347.373510377868
"2495",2495,"1990-10-30",330.368921183089
"2496",2496,"1990-10-31",318.645206542294
"2497",2497,"1990-11-01",308.731291862644
"2498",2498,"1990-11-02",299.778306225402
"2499",2499,"1990-11-03",291.28844824311
"2500",2500,"1990-11-04",283.05275380261
"2501",2501,"1990-11-05",275.075531918417
"2502",2502,"1990-11-06",289.736059970071
"2503",2503,"1990-11-07",280.488068776951
"2504",2504,"1990-11-08",267.116267404013
"2505",2505,"1990-11-09",257.093897075574
"2506",2506,"1990-11-10",721.673116427268
"2507",2507,"1990-11-11",498.650859747134
"2508",2508,"1990-11-12",362.67838407262
"2509",2509,"1990-11-13",300.058864119645
"2510",2510,"1990-11-14",269.031066848329
"2511",2511,"1990-11-15",252.372560771531
"2512",2512,"1990-11-16",241.940608651044
"2513",2513,"1990-11-17",234.272678096341
"2514",2514,"1990-11-18",227.395645406212
"2515",2515,"1990-11-19",221.15798177714
"2516",2516,"1990-11-20",215.065064292101
"2517",2517,"1990-11-21",209.203938442395
"2518",2518,"1990-11-22",203.445973177145
"2519",2519,"1990-11-23",197.859291541391
"2520",2520,"1990-11-24",192.358131350512
"2521",2521,"1990-11-25",186.895262996201
"2522",2522,"1990-11-26",181.693278729792
"2523",2523,"1990-11-27",176.500954101435
"2524",2524,"1990-11-28",172.157087378209
"2525",2525,"1990-11-29",167.269769668177
"2526",2526,"1990-11-30",162.294209271886
"2527",2527,"1990-12-01",157.855185010329
"2528",2528,"1990-12-02",153.949044294425
"2529",2529,"1990-12-03",176.896489599196
"2530",2530,"1990-12-04",218.781558507202
"2531",2531,"1990-12-05",211.939604546932
"2532",2532,"1990-12-06",198.225046297795
"2533",2533,"1990-12-07",188.720515474229
"2534",2534,"1990-12-08",182.010905855626
"2535",2535,"1990-12-09",176.161607209157
"2536",2536,"1990-12-10",171.065467258561
"2537",2537,"1990-12-11",166.359539457622
"2538",2538,"1990-12-12",161.716628700014
"2539",2539,"1990-12-13",157.394914268101
"2540",2540,"1990-12-14",153.665881167626
"2541",2541,"1990-12-15",149.430157862567
"2542",2542,"1990-12-16",152.76629593911
"2543",2543,"1990-12-17",149.406015775355
"2544",2544,"1990-12-18",144.525858446723
"2545",2545,"1990-12-19",162.884170269442
"2546",2546,"1990-12-20",160.143058505888
"2547",2547,"1990-12-21",176.404198101631
"2548",2548,"1990-12-22",174.740377729085
"2549",2549,"1990-12-23",192.676568067716
"2550",2550,"1990-12-24",250.685970452681
"2551",2551,"1990-12-25",243.079859897601
"2552",2552,"1990-12-26",216.952838418965
"2553",2553,"1990-12-27",201.384921692384
"2554",2554,"1990-12-28",198.013435559971
"2555",2555,"1990-12-29",199.743670002677
"2556",2556,"1990-12-30",264.886776850388
"2557",2557,"1990-12-31",375.501298378907
"2558",2558,"1991-01-01",338.853140057486
"2559",2559,"1991-01-02",292.495412041935
"2560",2560,"1991-01-03",267.103539254348
"2561",2561,"1991-01-04",253.817483731018
"2562",2562,"1991-01-05",246.276167055027
"2563",2563,"1991-01-06",241.34563467059
"2564",2564,"1991-01-07",246.037039436926
"2565",2565,"1991-01-08",270.073687481414
"2566",2566,"1991-01-09",292.968985936292
"2567",2567,"1991-01-10",282.96361248909
"2568",2568,"1991-01-11",290.265147541548
"2569",2569,"1991-01-12",570.49281572675
"2570",2570,"1991-01-13",549.700809329978
"2571",2571,"1991-01-14",401.929887348593
"2572",2572,"1991-01-15",331.388527399291
"2573",2573,"1991-01-16",608.093153121044
"2574",2574,"1991-01-17",584.270672747738
"2575",2575,"1991-01-18",438.592829459789
"2576",2576,"1991-01-19",362.939409730615
"2577",2577,"1991-01-20",344.762006892089
"2578",2578,"1991-01-21",528.089301405971
"2579",2579,"1991-01-22",424.079176498158
"2580",2580,"1991-01-23",349.82951666084
"2581",2581,"1991-01-24",315.857109842676
"2582",2582,"1991-01-25",297.194080997658
"2583",2583,"1991-01-26",285.397525367454
"2584",2584,"1991-01-27",276.656694665896
"2585",2585,"1991-01-28",269.306915066541
"2586",2586,"1991-01-29",264.167859513404
"2587",2587,"1991-01-30",262.740230439934
"2588",2588,"1991-01-31",266.301991668566
"2589",2589,"1991-02-01",263.355909147411
"2590",2590,"1991-02-02",256.16215526913
"2591",2591,"1991-02-03",249.03428240524
"2592",2592,"1991-02-04",242.569299959207
"2593",2593,"1991-02-05",236.384511197177
"2594",2594,"1991-02-06",275.855396995696
"2595",2595,"1991-02-07",320.348073136489
"2596",2596,"1991-02-08",293.805888686699
"2597",2597,"1991-02-09",262.525231951953
"2598",2598,"1991-02-10",244.986969232249
"2599",2599,"1991-02-11",234.405134816832
"2600",2600,"1991-02-12",226.652062303754
"2601",2601,"1991-02-13",220.432907099002
"2602",2602,"1991-02-14",775.000416179131
"2603",2603,"1991-02-15",602.985455141973
"2604",2604,"1991-02-16",406.616652417278
"2605",2605,"1991-02-17",314.400128166466
"2606",2606,"1991-02-18",302.540545863342
"2607",2607,"1991-02-19",448.708107884655
"2608",2608,"1991-02-20",954.614262352425
"2609",2609,"1991-02-21",745.456534546415
"2610",2610,"1991-02-22",524.873165461268
"2611",2611,"1991-02-23",425.281817871625
"2612",2612,"1991-02-24",376.29020357383
"2613",2613,"1991-02-25",351.210498489301
"2614",2614,"1991-02-26",336.427232645248
"2615",2615,"1991-02-27",325.736338740226
"2616",2616,"1991-02-28",316.407150947589
"2617",2617,"1991-03-01",357.990193824658
"2618",2618,"1991-03-02",1954.48378610316
"2619",2619,"1991-03-03",994.500160073666
"2620",2620,"1991-03-04",655.289608215291
"2621",2621,"1991-03-05",503.700584369543
"2622",2622,"1991-03-06",420.454079895151
"2623",2623,"1991-03-07",710.664593833495
"2624",2624,"1991-03-08",548.36945276016
"2625",2625,"1991-03-09",434.156550690047
"2626",2626,"1991-03-10",377.993146145992
"2627",2627,"1991-03-11",350.33477800573
"2628",2628,"1991-03-12",333.764442015143
"2629",2629,"1991-03-13",330.277710364867
"2630",2630,"1991-03-14",674.886965545963
"2631",2631,"1991-03-15",566.052614436915
"2632",2632,"1991-03-16",449.604213806288
"2633",2633,"1991-03-17",376.079944003566
"2634",2634,"1991-03-18",485.294740539148
"2635",2635,"1991-03-19",432.509353308492
"2636",2636,"1991-03-20",368.515016632381
"2637",2637,"1991-03-21",336.620289835806
"2638",2638,"1991-03-22",320.019723538148
"2639",2639,"1991-03-23",329.79343744177
"2640",2640,"1991-03-24",329.901022797485
"2641",2641,"1991-03-25",312.749333250865
"2642",2642,"1991-03-26",298.297077191911
"2643",2643,"1991-03-27",287.519671859692
"2644",2644,"1991-03-28",309.84050287309
"2645",2645,"1991-03-29",983.098917502742
"2646",2646,"1991-03-30",1071.86151100663
"2647",2647,"1991-03-31",718.301516958113
"2648",2648,"1991-04-01",551.407373283284
"2649",2649,"1991-04-02",484.044962324099
"2650",2650,"1991-04-03",438.629688352908
"2651",2651,"1991-04-04",411.494332067605
"2652",2652,"1991-04-05",394.682728975836
"2653",2653,"1991-04-06",382.264747134356
"2654",2654,"1991-04-07",370.917899040229
"2655",2655,"1991-04-08",360.283282221999
"2656",2656,"1991-04-09",351.00113018546
"2657",2657,"1991-04-10",477.545842327163
"2658",2658,"1991-04-11",562.033404843338
"2659",2659,"1991-04-12",434.45924242309
"2660",2660,"1991-04-13",377.302032156974
"2661",2661,"1991-04-14",349.547472734364
"2662",2662,"1991-04-15",360.203763691925
"2663",2663,"1991-04-16",338.892046372792
"2664",2664,"1991-04-17",320.160726141373
"2665",2665,"1991-04-18",306.994010728196
"2666",2666,"1991-04-19",697.170901013301
"2667",2667,"1991-04-20",757.855974335637
"2668",2668,"1991-04-21",566.547928869395
"2669",2669,"1991-04-22",451.303217573762
"2670",2670,"1991-04-23",389.405865524087
"2671",2671,"1991-04-24",357.567436888483
"2672",2672,"1991-04-25",339.012819426392
"2673",2673,"1991-04-26",326.324932336045
"2674",2674,"1991-04-27",316.71632798242
"2675",2675,"1991-04-28",325.656258668947
"2676",2676,"1991-04-29",364.575681964531
"2677",2677,"1991-04-30",572.89731862817
"2678",2678,"1991-05-01",460.685031023693
"2679",2679,"1991-05-02",380.82529116015
"2680",2680,"1991-05-03",340.961359440516
"2681",2681,"1991-05-04",319.91320066397
"2682",2682,"1991-05-05",308.217856710266
"2683",2683,"1991-05-06",331.178330144068
"2684",2684,"1991-05-07",315.358145190699
"2685",2685,"1991-05-08",296.653477142734
"2686",2686,"1991-05-09",294.830326940263
"2687",2687,"1991-05-10",288.224848730091
"2688",2688,"1991-05-11",276.885105962329
"2689",2689,"1991-05-12",267.380811441835
"2690",2690,"1991-05-13",272.840886358049
"2691",2691,"1991-05-14",289.285181405303
"2692",2692,"1991-05-15",579.200983969213
"2693",2693,"1991-05-16",551.253296369332
"2694",2694,"1991-05-17",708.693331718515
"2695",2695,"1991-05-18",661.758662162766
"2696",2696,"1991-05-19",804.335798893579
"2697",2697,"1991-05-20",568.154162984701
"2698",2698,"1991-05-21",931.759640544858
"2699",2699,"1991-05-22",615.792655571204
"2700",2700,"1991-05-23",426.685144885694
"2701",2701,"1991-05-24",335.975589410391
"2702",2702,"1991-05-25",294.079943431642
"2703",2703,"1991-05-26",270.904304933083
"2704",2704,"1991-05-27",257.775768221397
"2705",2705,"1991-05-28",257.762125512794
"2706",2706,"1991-05-29",250.198100247622
"2707",2707,"1991-05-30",239.998903023939
"2708",2708,"1991-05-31",231.495714967
"2709",2709,"1991-06-01",224.214808562764
"2710",2710,"1991-06-02",217.711140021571
"2711",2711,"1991-06-03",235.917769471504
"2712",2712,"1991-06-04",232.979628891433
"2713",2713,"1991-06-05",217.216127786791
"2714",2714,"1991-06-06",206.594847496544
"2715",2715,"1991-06-07",198.806857587047
"2716",2716,"1991-06-08",192.287071331031
"2717",2717,"1991-06-09",186.388954143535
"2718",2718,"1991-06-10",180.829281187721
"2719",2719,"1991-06-11",175.572775596097
"2720",2720,"1991-06-12",173.839500673464
"2721",2721,"1991-06-13",168.460106493093
"2722",2722,"1991-06-14",163.146991619042
"2723",2723,"1991-06-15",158.470661345172
"2724",2724,"1991-06-16",155.754742504107
"2725",2725,"1991-06-17",161.984653910138
"2726",2726,"1991-06-18",171.782252725385
"2727",2727,"1991-06-19",191.476246316198
"2728",2728,"1991-06-20",182.983758397167
"2729",2729,"1991-06-21",172.513166867383
"2730",2730,"1991-06-22",179.379115950184
"2731",2731,"1991-06-23",206.973801697926
"2732",2732,"1991-06-24",184.627573675237
"2733",2733,"1991-06-25",169.495138101994
"2734",2734,"1991-06-26",160.772370947796
"2735",2735,"1991-06-27",154.395515985863
"2736",2736,"1991-06-28",149.038431346491
"2737",2737,"1991-06-29",144.750609238652
"2738",2738,"1991-06-30",142.306913604653
"2739",2739,"1991-07-01",138.249224473136
"2740",2740,"1991-07-02",134.84422363773
"2741",2741,"1991-07-03",131.01891152985
"2742",2742,"1991-07-04",127.505313021811
"2743",2743,"1991-07-05",125.086320058311
"2744",2744,"1991-07-06",121.16682339391
"2745",2745,"1991-07-07",117.296297236553
"2746",2746,"1991-07-08",113.809422291933
"2747",2747,"1991-07-09",110.564729526724
"2748",2748,"1991-07-10",107.499322559885
"2749",2749,"1991-07-11",105.094377957757
"2750",2750,"1991-07-12",102.595468893212
"2751",2751,"1991-07-13",101.04424578036
"2752",2752,"1991-07-14",98.048068404293
"2753",2753,"1991-07-15",94.6770958819273
"2754",2754,"1991-07-16",91.7093202546796
"2755",2755,"1991-07-17",89.1303393216527
"2756",2756,"1991-07-18",88.2054467247372
"2757",2757,"1991-07-19",88.0733085268731
"2758",2758,"1991-07-20",85.0587047947897
"2759",2759,"1991-07-21",82.3684735547922
"2760",2760,"1991-07-22",79.9348745103022
"2761",2761,"1991-07-23",77.5727134290438
"2762",2762,"1991-07-24",75.8681646866952
"2763",2763,"1991-07-25",89.1886554765838
"2764",2764,"1991-07-26",132.620042013031
"2765",2765,"1991-07-27",194.951686491092
"2766",2766,"1991-07-28",198.396679466272
"2767",2767,"1991-07-29",267.871280274862
"2768",2768,"1991-07-30",225.27620482868
"2769",2769,"1991-07-31",184.305383233052
"2770",2770,"1991-08-01",163.483400377294
"2771",2771,"1991-08-02",153.45851828886
"2772",2772,"1991-08-03",146.598262411074
"2773",2773,"1991-08-04",141.044512812509
"2774",2774,"1991-08-05",136.574538747156
"2775",2775,"1991-08-06",132.578339637959
"2776",2776,"1991-08-07",129.027049504167
"2777",2777,"1991-08-08",125.281242263435
"2778",2778,"1991-08-09",122.328880866629
"2779",2779,"1991-08-10",119.445434450303
"2780",2780,"1991-08-11",115.579038479426
"2781",2781,"1991-08-12",112.725067254046
"2782",2782,"1991-08-13",114.000661531913
"2783",2783,"1991-08-14",125.411872538136
"2784",2784,"1991-08-15",129.832249477364
"2785",2785,"1991-08-16",139.386008124728
"2786",2786,"1991-08-17",131.447833369684
"2787",2787,"1991-08-18",124.178723767415
"2788",2788,"1991-08-19",118.859912764181
"2789",2789,"1991-08-20",114.879265023891
"2790",2790,"1991-08-21",111.239107500594
"2791",2791,"1991-08-22",107.938963257348
"2792",2792,"1991-08-23",104.804996964556
"2793",2793,"1991-08-24",101.759648967479
"2794",2794,"1991-08-25",98.9392094909768
"2795",2795,"1991-08-26",96.4357834631952
"2796",2796,"1991-08-27",93.9697647765207
"2797",2797,"1991-08-28",101.254891043422
"2798",2798,"1991-08-29",110.330831753915
"2799",2799,"1991-08-30",107.007340288108
"2800",2800,"1991-08-31",102.25107736139
"2801",2801,"1991-09-01",98.5241151722428
"2802",2802,"1991-09-02",95.5382963911907
"2803",2803,"1991-09-03",93.1724135894717
"2804",2804,"1991-09-04",90.2189613366106
"2805",2805,"1991-09-05",87.885397696593
"2806",2806,"1991-09-06",85.8030888724025
"2807",2807,"1991-09-07",84.2293719707208
"2808",2808,"1991-09-08",81.1975994314111
"2809",2809,"1991-09-09",78.7563057246253
"2810",2810,"1991-09-10",76.5025464067875
"2811",2811,"1991-09-11",74.4874049790885
"2812",2812,"1991-09-12",72.2552121861345
"2813",2813,"1991-09-13",81.0304742872902
"2814",2814,"1991-09-14",98.709466407164
"2815",2815,"1991-09-15",106.333744559589
"2816",2816,"1991-09-16",98.3393291135703
"2817",2817,"1991-09-17",91.8614279780383
"2818",2818,"1991-09-18",87.4838184868363
"2819",2819,"1991-09-19",94.1590810328134
"2820",2820,"1991-09-20",106.754396608623
"2821",2821,"1991-09-21",104.352721035406
"2822",2822,"1991-09-22",100.673642828042
"2823",2823,"1991-09-23",97.315570204872
"2824",2824,"1991-09-24",94.2844102133423
"2825",2825,"1991-09-25",92.1674440672795
"2826",2826,"1991-09-26",89.9641078725293
"2827",2827,"1991-09-27",87.2394103899526
"2828",2828,"1991-09-28",84.6341490563002
"2829",2829,"1991-09-29",82.1513637616237
"2830",2830,"1991-09-30",79.7444956565153
"2831",2831,"1991-10-01",77.4299517165727
"2832",2832,"1991-10-02",75.228098589553
"2833",2833,"1991-10-03",73.0799619204233
"2834",2834,"1991-10-04",70.9680077237158
"2835",2835,"1991-10-05",68.917443275555
"2836",2836,"1991-10-06",67.5864638730692
"2837",2837,"1991-10-07",65.8994875639637
"2838",2838,"1991-10-08",63.8844175515202
"2839",2839,"1991-10-09",61.9934282609468
"2840",2840,"1991-10-10",60.1967056506568
"2841",2841,"1991-10-11",58.47793451353
"2842",2842,"1991-10-12",56.8288028549457
"2843",2843,"1991-10-13",55.2488901996261
"2844",2844,"1991-10-14",53.7485155150601
"2845",2845,"1991-10-15",52.2497094503229
"2846",2846,"1991-10-16",51.3074018916851
"2847",2847,"1991-10-17",50.3525530680055
"2848",2848,"1991-10-18",49.0473304483823
"2849",2849,"1991-10-19",47.7753044880823
"2850",2850,"1991-10-20",46.4843469460155
"2851",2851,"1991-10-21",45.2296512272152
"2852",2852,"1991-10-22",43.9679387793174
"2853",2853,"1991-10-23",42.7126039481778
"2854",2854,"1991-10-24",42.0652827769888
"2855",2855,"1991-10-25",41.0087194458517
"2856",2856,"1991-10-26",39.8461171954812
"2857",2857,"1991-10-27",38.7263994455891
"2858",2858,"1991-10-28",37.6305810315399
"2859",2859,"1991-10-29",36.6066490271855
"2860",2860,"1991-10-30",35.6374151947035
"2861",2861,"1991-10-31",34.6310093561866
"2862",2862,"1991-11-01",33.7636430458467
"2863",2863,"1991-11-02",33.1455836819627
"2864",2864,"1991-11-03",32.3245656355162
"2865",2865,"1991-11-04",31.4259461338463
"2866",2866,"1991-11-05",30.5835605874809
"2867",2867,"1991-11-06",29.7552413155405
"2868",2868,"1991-11-07",28.9334059034703
"2869",2869,"1991-11-08",28.243940545584
"2870",2870,"1991-11-09",27.4945059044654
"2871",2871,"1991-11-10",33.232713268319
"2872",2872,"1991-11-11",35.2348369629112
"2873",2873,"1991-11-12",34.7766933163815
"2874",2874,"1991-11-13",35.4996856335594
"2875",2875,"1991-11-14",42.0025317372089
"2876",2876,"1991-11-15",58.0706598501743
"2877",2877,"1991-11-16",87.5248922312008
"2878",2878,"1991-11-17",114.707685171075
"2879",2879,"1991-11-18",120.72092777377
"2880",2880,"1991-11-19",124.455038743435
"2881",2881,"1991-11-20",125.216801200413
"2882",2882,"1991-11-21",123.775966984879
"2883",2883,"1991-11-22",191.005890469386
"2884",2884,"1991-11-23",237.190308305768
"2885",2885,"1991-11-24",214.242243682254
"2886",2886,"1991-11-25",192.821246703787
"2887",2887,"1991-11-26",180.178110484695
"2888",2888,"1991-11-27",171.880872832255
"2889",2889,"1991-11-28",165.566389983226
"2890",2890,"1991-11-29",160.166025278989
"2891",2891,"1991-11-30",155.814026947054
"2892",2892,"1991-12-01",171.963415507245
"2893",2893,"1991-12-02",242.761389401209
"2894",2894,"1991-12-03",286.487619373594
"2895",2895,"1991-12-04",296.084883448471
"2896",2896,"1991-12-05",281.03373179647
"2897",2897,"1991-12-06",254.189033433337
"2898",2898,"1991-12-07",238.132677902155
"2899",2899,"1991-12-08",228.039439793111
"2900",2900,"1991-12-09",221.127620487483
"2901",2901,"1991-12-10",244.132809349599
"2902",2902,"1991-12-11",242.09815509104
"2903",2903,"1991-12-12",225.805953867261
"2904",2904,"1991-12-13",214.686041876924
"2905",2905,"1991-12-14",210.25073236824
"2906",2906,"1991-12-15",204.649272387715
"2907",2907,"1991-12-16",197.88131738762
"2908",2908,"1991-12-17",191.855928383478
"2909",2909,"1991-12-18",186.219970523894
"2910",2910,"1991-12-19",181.05566195156
"2911",2911,"1991-12-20",176.159887999687
"2912",2912,"1991-12-21",171.104750942867
"2913",2913,"1991-12-22",167.565993442777
"2914",2914,"1991-12-23",170.092871338022
"2915",2915,"1991-12-24",201.110018333547
"2916",2916,"1991-12-25",188.675806095919
"2917",2917,"1991-12-26",172.945000120393
"2918",2918,"1991-12-27",163.409112630261
"2919",2919,"1991-12-28",157.924587328715
"2920",2920,"1991-12-29",196.420022209808
"2921",2921,"1991-12-30",218.498748095637
"2922",2922,"1991-12-31",203.801199313256
"2923",2923,"1992-01-01",190.596933289835
"2924",2924,"1992-01-02",181.707331376583
"2925",2925,"1992-01-03",209.625365940608
"2926",2926,"1992-01-04",2083.22224713945
"2927",2927,"1992-01-05",847.405206702952
"2928",2928,"1992-01-06",514.501452222275
"2929",2929,"1992-01-07",365.853574195251
"2930",2930,"1992-01-08",298.454031084432
"2931",2931,"1992-01-09",265.748800981987
"2932",2932,"1992-01-10",248.52762955943
"2933",2933,"1992-01-11",238.23475301506
"2934",2934,"1992-01-12",230.747573791529
"2935",2935,"1992-01-13",224.502819305685
"2936",2936,"1992-01-14",282.332403471762
"2937",2937,"1992-01-15",273.632536943954
"2938",2938,"1992-01-16",242.174917592209
"2939",2939,"1992-01-17",224.736721434497
"2940",2940,"1992-01-18",214.424982691823
"2941",2941,"1992-01-19",207.260294091509
"2942",2942,"1992-01-20",201.427974428349
"2943",2943,"1992-01-21",196.104422188231
"2944",2944,"1992-01-22",191.0514122624
"2945",2945,"1992-01-23",212.370366797984
"2946",2946,"1992-01-24",334.266280015686
"2947",2947,"1992-01-25",488.322565823931
"2948",2948,"1992-01-26",341.729606090114
"2949",2949,"1992-01-27",266.895550099335
"2950",2950,"1992-01-28",231.006555052339
"2951",2951,"1992-01-29",213.569208163939
"2952",2952,"1992-01-30",203.913158267278
"2953",2953,"1992-01-31",197.321095537642
"2954",2954,"1992-02-01",191.908095500885
"2955",2955,"1992-02-02",187.023459303876
"2956",2956,"1992-02-03",182.287557312703
"2957",2957,"1992-02-04",177.607680375238
"2958",2958,"1992-02-05",173.051191605602
"2959",2959,"1992-02-06",168.55679231285
"2960",2960,"1992-02-07",164.076658879114
"2961",2961,"1992-02-08",159.653112443624
"2962",2962,"1992-02-09",155.833601230829
"2963",2963,"1992-02-10",151.894714263274
"2964",2964,"1992-02-11",147.779585687947
"2965",2965,"1992-02-12",143.697154913821
"2966",2966,"1992-02-13",140.090602783075
"2967",2967,"1992-02-14",136.678397804573
"2968",2968,"1992-02-15",154.61308058304
"2969",2969,"1992-02-16",282.353819326338
"2970",2970,"1992-02-17",261.878488893938
"2971",2971,"1992-02-18",207.092413085097
"2972",2972,"1992-02-19",180.537107789965
"2973",2973,"1992-02-20",177.301258965979
"2974",2974,"1992-02-21",171.6172374042
"2975",2975,"1992-02-22",165.301628951928
"2976",2976,"1992-02-23",160.156858716262
"2977",2977,"1992-02-24",309.447403308606
"2978",2978,"1992-02-25",270.839834930874
"2979",2979,"1992-02-26",508.909534207224
"2980",2980,"1992-02-27",582.400421449125
"2981",2981,"1992-02-28",441.139614893196
"2982",2982,"1992-02-29",373.965783718275
"2983",2983,"1992-03-01",326.358488078231
"2984",2984,"1992-03-02",278.92314787021
"2985",2985,"1992-03-03",254.095009867423
"2986",2986,"1992-03-04",240.654323501858
"2987",2987,"1992-03-05",231.715302433432
"2988",2988,"1992-03-06",226.444276882625
"2989",2989,"1992-03-07",603.270559765471
"2990",2990,"1992-03-08",691.953534863805
"2991",2991,"1992-03-09",465.552568598564
"2992",2992,"1992-03-10",344.167490644854
"2993",2993,"1992-03-11",321.368525445751
"2994",2994,"1992-03-12",331.423079425886
"2995",2995,"1992-03-13",296.985874345001
"2996",2996,"1992-03-14",275.863800602502
"2997",2997,"1992-03-15",266.12031120803
"2998",2998,"1992-03-16",260.907866888038
"2999",2999,"1992-03-17",256.968322637966
"3000",3000,"1992-03-18",269.674210406047
"3001",3001,"1992-03-19",348.774057213432
"3002",3002,"1992-03-20",374.741466730289
"3003",3003,"1992-03-21",332.751728618914
"3004",3004,"1992-03-22",302.30320103017
"3005",3005,"1992-03-23",329.265460600612
"3006",3006,"1992-03-24",341.100685940549
"3007",3007,"1992-03-25",303.24500515285
"3008",3008,"1992-03-26",295.061118257852
"3009",3009,"1992-03-27",309.393504528804
"3010",3010,"1992-03-28",320.214910531781
"3011",3011,"1992-03-29",311.717034832104
"3012",3012,"1992-03-30",300.694541720344
"3013",3013,"1992-03-31",313.739535893044
"3014",3014,"1992-04-01",305.119359917092
"3015",3015,"1992-04-02",292.678097256885
"3016",3016,"1992-04-03",283.096274808884
"3017",3017,"1992-04-04",275.265697509563
"3018",3018,"1992-04-05",401.01873189076
"3019",3019,"1992-04-06",442.530050306658
"3020",3020,"1992-04-07",342.594566137404
"3021",3021,"1992-04-08",295.430602337556
"3022",3022,"1992-04-09",270.153352219919
"3023",3023,"1992-04-10",256.16718746079
"3024",3024,"1992-04-11",246.840601875707
"3025",3025,"1992-04-12",239.046723799816
"3026",3026,"1992-04-13",232.157997712373
"3027",3027,"1992-04-14",225.284895104843
"3028",3028,"1992-04-15",218.843713828296
"3029",3029,"1992-04-16",213.262847809303
"3030",3030,"1992-04-17",206.859692774149
"3031",3031,"1992-04-18",231.227755298587
"3032",3032,"1992-04-19",267.271803881431
"3033",3033,"1992-04-20",275.810526586447
"3034",3034,"1992-04-21",2423.74022356682
"3035",3035,"1992-04-22",2098.35769753052
"3036",3036,"1992-04-23",1557.36796689826
"3037",3037,"1992-04-24",856.244265219037
"3038",3038,"1992-04-25",580.134793364524
"3039",3039,"1992-04-26",458.834904609637
"3040",3040,"1992-04-27",385.106749672115
"3041",3041,"1992-04-28",349.052360472851
"3042",3042,"1992-04-29",329.694684587729
"3043",3043,"1992-04-30",317.282018582263
"3044",3044,"1992-05-01",307.191102868088
"3045",3045,"1992-05-02",297.997865572419
"3046",3046,"1992-05-03",289.753228973923
"3047",3047,"1992-05-04",281.199065398281
"3048",3048,"1992-05-05",275.866629634789
"3049",3049,"1992-05-06",333.468040118342
"3050",3050,"1992-05-07",339.794059467914
"3051",3051,"1992-05-08",571.587325681226
"3052",3052,"1992-05-09",711.161933353564
"3053",3053,"1992-05-10",557.293303342722
"3054",3054,"1992-05-11",441.458286804305
"3055",3055,"1992-05-12",380.757704296715
"3056",3056,"1992-05-13",354.152307640548
"3057",3057,"1992-05-14",346.468439156974
"3058",3058,"1992-05-15",373.193658764029
"3059",3059,"1992-05-16",424.887747029416
"3060",3060,"1992-05-17",460.178475330864
"3061",3061,"1992-05-18",382.999367861722
"3062",3062,"1992-05-19",341.856587254485
"3063",3063,"1992-05-20",361.560378877193
"3064",3064,"1992-05-21",364.274175981855
"3065",3065,"1992-05-22",336.034485997664
"3066",3066,"1992-05-23",315.861098610313
"3067",3067,"1992-05-24",301.881839426583
"3068",3068,"1992-05-25",291.763580063913
"3069",3069,"1992-05-26",282.452829507216
"3070",3070,"1992-05-27",273.877662334354
"3071",3071,"1992-05-28",265.93173732252
"3072",3072,"1992-05-29",285.565136190771
"3073",3073,"1992-05-30",571.381254932064
"3074",3074,"1992-05-31",675.133073406596
"3075",3075,"1992-06-01",473.738112539241
"3076",3076,"1992-06-02",371.444017017659
"3077",3077,"1992-06-03",323.458916324077
"3078",3078,"1992-06-04",409.195809052505
"3079",3079,"1992-06-05",5705.00238224574
"3080",3080,"1992-06-06",2102.68068604285
"3081",3081,"1992-06-07",1071.94775774616
"3082",3082,"1992-06-08",696.4966519146
"3083",3083,"1992-06-09",742.074078445915
"3084",3084,"1992-06-10",1047.21113064179
"3085",3085,"1992-06-11",1062.63248808855
"3086",3086,"1992-06-12",901.807323192519
"3087",3087,"1992-06-13",733.91864487098
"3088",3088,"1992-06-14",553.96318638141
"3089",3089,"1992-06-15",460.761260721176
"3090",3090,"1992-06-16",451.112300925036
"3091",3091,"1992-06-17",486.218513229906
"3092",3092,"1992-06-18",420.30981558352
"3093",3093,"1992-06-19",389.290956386447
"3094",3094,"1992-06-20",366.733393203616
"3095",3095,"1992-06-21",351.397786900212
"3096",3096,"1992-06-22",340.189096899096
"3097",3097,"1992-06-23",329.726677664298
"3098",3098,"1992-06-24",320.002959430815
"3099",3099,"1992-06-25",310.737011825822
"3100",3100,"1992-06-26",301.632267686578
"3101",3101,"1992-06-27",294.067603692233
"3102",3102,"1992-06-28",286.75130395793
"3103",3103,"1992-06-29",277.873448732445
"3104",3104,"1992-06-30",271.263026711087
"3105",3105,"1992-07-01",264.001424962115
"3106",3106,"1992-07-02",257.027429765378
"3107",3107,"1992-07-03",252.097356072078
"3108",3108,"1992-07-04",247.464198525918
"3109",3109,"1992-07-05",239.763535432908
"3110",3110,"1992-07-06",239.153777360179
"3111",3111,"1992-07-07",232.092084280044
"3112",3112,"1992-07-08",224.608915049581
"3113",3113,"1992-07-09",217.59656091165
"3114",3114,"1992-07-10",211.203377039337
"3115",3115,"1992-07-11",205.149999557107
"3116",3116,"1992-07-12",199.388779339288
"3117",3117,"1992-07-13",193.653751403787
"3118",3118,"1992-07-14",188.205125716809
"3119",3119,"1992-07-15",196.699123918505
"3120",3120,"1992-07-16",235.790075767912
"3121",3121,"1992-07-17",222.07172381335
"3122",3122,"1992-07-18",213.03499432324
"3123",3123,"1992-07-19",201.53661843393
"3124",3124,"1992-07-20",190.481005634022
"3125",3125,"1992-07-21",182.381816022106
"3126",3126,"1992-07-22",176.164446879368
"3127",3127,"1992-07-23",177.211232335207
"3128",3128,"1992-07-24",182.890699756474
"3129",3129,"1992-07-25",203.217323611389
"3130",3130,"1992-07-26",212.860725218437
"3131",3131,"1992-07-27",199.213792048594
"3132",3132,"1992-07-28",192.425365448298
"3133",3133,"1992-07-29",189.023906184401
"3134",3134,"1992-07-30",181.316142252112
"3135",3135,"1992-07-31",175.510141467603
"3136",3136,"1992-08-01",170.084203749375
"3137",3137,"1992-08-02",164.747388841738
"3138",3138,"1992-08-03",159.897830265421
"3139",3139,"1992-08-04",155.748484178303
"3140",3140,"1992-08-05",151.670295213231
"3141",3141,"1992-08-06",147.536747602393
"3142",3142,"1992-08-07",143.976316820057
"3143",3143,"1992-08-08",139.524250968211
"3144",3144,"1992-08-09",135.736266124593
"3145",3145,"1992-08-10",131.555884726956
"3146",3146,"1992-08-11",127.636062935341
"3147",3147,"1992-08-12",125.506644741628
"3148",3148,"1992-08-13",175.271896998836
"3149",3149,"1992-08-14",191.473398982649
"3150",3150,"1992-08-15",241.128455206583
"3151",3151,"1992-08-16",210.416490226582
"3152",3152,"1992-08-17",207.922152681184
"3153",3153,"1992-08-18",201.376910277087
"3154",3154,"1992-08-19",185.20923109272
"3155",3155,"1992-08-20",174.783676599379
"3156",3156,"1992-08-21",167.592094370034
"3157",3157,"1992-08-22",162.456558104224
"3158",3158,"1992-08-23",157.297180638067
"3159",3159,"1992-08-24",153.037055146041
"3160",3160,"1992-08-25",148.588958550569
"3161",3161,"1992-08-26",144.293733809086
"3162",3162,"1992-08-27",143.62279381049
"3163",3163,"1992-08-28",256.07777344334
"3164",3164,"1992-08-29",280.909225739152
"3165",3165,"1992-08-30",240.790368983889
"3166",3166,"1992-08-31",215.75545515439
"3167",3167,"1992-09-01",201.581659907042
"3168",3168,"1992-09-02",191.944055766744
"3169",3169,"1992-09-03",188.509771248227
"3170",3170,"1992-09-04",183.148991518496
"3171",3171,"1992-09-05",178.930608180317
"3172",3172,"1992-09-06",175.774994458962
"3173",3173,"1992-09-07",171.471306417301
"3174",3174,"1992-09-08",168.647034424598
"3175",3175,"1992-09-09",164.300496523772
"3176",3176,"1992-09-10",159.080296098652
"3177",3177,"1992-09-11",177.538389780259
"3178",3178,"1992-09-12",169.859297270677
"3179",3179,"1992-09-13",160.558737542384
"3180",3180,"1992-09-14",154.471041109963
"3181",3181,"1992-09-15",149.380100079054
"3182",3182,"1992-09-16",144.695408649239
"3183",3183,"1992-09-17",140.39584328197
"3184",3184,"1992-09-18",136.331708425774
"3185",3185,"1992-09-19",132.461128625048
"3186",3186,"1992-09-20",128.705008950831
"3187",3187,"1992-09-21",125.189336803921
"3188",3188,"1992-09-22",121.507091903464
"3189",3189,"1992-09-23",118.659540024745
"3190",3190,"1992-09-24",115.547619896112
"3191",3191,"1992-09-25",112.239409086741
"3192",3192,"1992-09-26",109.009264211568
"3193",3193,"1992-09-27",107.026552534602
"3194",3194,"1992-09-28",108.827473842626
"3195",3195,"1992-09-29",199.025399209454
"3196",3196,"1992-09-30",162.888342856368
"3197",3197,"1992-10-01",138.542203580174
"3198",3198,"1992-10-02",123.305899985425
"3199",3199,"1992-10-03",114.092631590345
"3200",3200,"1992-10-04",110.926196105835
"3201",3201,"1992-10-05",380.631093291755
"3202",3202,"1992-10-06",383.109842901013
"3203",3203,"1992-10-07",271.453568360398
"3204",3204,"1992-10-08",214.134436240976
"3205",3205,"1992-10-09",1340.58279324848
"3206",3206,"1992-10-10",917.309100670372
"3207",3207,"1992-10-11",531.957892318298
"3208",3208,"1992-10-12",359.322639899364
"3209",3209,"1992-10-13",279.689080998278
"3210",3210,"1992-10-14",240.49051702189
"3211",3211,"1992-10-15",220.426195829565
"3212",3212,"1992-10-16",208.757997588392
"3213",3213,"1992-10-17",200.692168858116
"3214",3214,"1992-10-18",194.281848904058
"3215",3215,"1992-10-19",188.804359706746
"3216",3216,"1992-10-20",183.184994235216
"3217",3217,"1992-10-21",177.906241518467
"3218",3218,"1992-10-22",172.826029665485
"3219",3219,"1992-10-23",167.943323066834
"3220",3220,"1992-10-24",163.187535216681
"3221",3221,"1992-10-25",158.641270852971
"3222",3222,"1992-10-26",154.806635890594
"3223",3223,"1992-10-27",150.607178124511
"3224",3224,"1992-10-28",169.865232929601
"3225",3225,"1992-10-29",176.407020125997
"3226",3226,"1992-10-30",166.24695594152
"3227",3227,"1992-10-31",498.609023515724
"3228",3228,"1992-11-01",373.11817533454
"3229",3229,"1992-11-02",371.293239372555
"3230",3230,"1992-11-03",364.892028808685
"3231",3231,"1992-11-04",819.174305105822
"3232",3232,"1992-11-05",1222.69382268666
"3233",3233,"1992-11-06",830.034081897918
"3234",3234,"1992-11-07",508.745621953019
"3235",3235,"1992-11-08",364.188206030015
"3236",3236,"1992-11-09",298.602226739079
"3237",3237,"1992-11-10",266.604214122966
"3238",3238,"1992-11-11",249.974223882938
"3239",3239,"1992-11-12",253.362669134481
"3240",3240,"1992-11-13",780.509248027164
"3241",3241,"1992-11-14",499.221148148351
"3242",3242,"1992-11-15",353.901768504902
"3243",3243,"1992-11-16",289.451435313557
"3244",3244,"1992-11-17",258.453183892192
"3245",3245,"1992-11-18",243.352465364086
"3246",3246,"1992-11-19",235.010305826945
"3247",3247,"1992-11-20",228.133307571423
"3248",3248,"1992-11-21",232.111823476845
"3249",3249,"1992-11-22",336.820900658024
"3250",3250,"1992-11-23",3370.23382544813
"3251",3251,"1992-11-24",1936.07606006611
"3252",3252,"1992-11-25",1109.61593912905
"3253",3253,"1992-11-26",1193.5730221695
"3254",3254,"1992-11-27",853.067159665139
"3255",3255,"1992-11-28",577.485320255307
"3256",3256,"1992-11-29",456.382419681077
"3257",3257,"1992-11-30",395.727212203487
"3258",3258,"1992-12-01",377.663409634651
"3259",3259,"1992-12-02",365.517265009981
"3260",3260,"1992-12-03",361.791639473426
"3261",3261,"1992-12-04",361.217460617137
"3262",3262,"1992-12-05",341.394408693912
"3263",3263,"1992-12-06",327.648440790258
"3264",3264,"1992-12-07",317.353841204749
"3265",3265,"1992-12-08",308.367630407624
"3266",3266,"1992-12-09",300.162656879101
"3267",3267,"1992-12-10",294.498401940808
"3268",3268,"1992-12-11",286.76642347251
"3269",3269,"1992-12-12",280.680059654304
"3270",3270,"1992-12-13",271.357709929104
"3271",3271,"1992-12-14",267.00574900636
"3272",3272,"1992-12-15",260.92135547279
"3273",3273,"1992-12-16",260.124929517894
"3274",3274,"1992-12-17",1257.66911976164
"3275",3275,"1992-12-18",1050.78012520479
"3276",3276,"1992-12-19",650.265162677513
"3277",3277,"1992-12-20",533.980526227243
"3278",3278,"1992-12-21",475.383504045019
"3279",3279,"1992-12-22",411.771548544639
"3280",3280,"1992-12-23",453.274912415278
"3281",3281,"1992-12-24",519.184065979882
"3282",3282,"1992-12-25",457.052978176504
"3283",3283,"1992-12-26",418.435809904509
"3284",3284,"1992-12-27",401.096957182062
"3285",3285,"1992-12-28",386.556022987811
"3286",3286,"1992-12-29",374.858275972519
"3287",3287,"1992-12-30",403.914931423101
"3288",3288,"1992-12-31",425.647826778615
"3289",3289,"1993-01-01",410.597136590668
"3290",3290,"1993-01-02",392.268372584152
"3291",3291,"1993-01-03",378.169207665313
"3292",3292,"1993-01-04",414.513223916482
"3293",3293,"1993-01-05",1553.2322956856
"3294",3294,"1993-01-06",817.672835683115
"3295",3295,"1993-01-07",555.626027459975
"3296",3296,"1993-01-08",529.85542820324
"3297",3297,"1993-01-09",577.497478948346
"3298",3298,"1993-01-10",491.190548339284
"3299",3299,"1993-01-11",424.628968695823
"3300",3300,"1993-01-12",667.300293956235
"3301",3301,"1993-01-13",857.17109996807
"3302",3302,"1993-01-14",583.288800809817
"3303",3303,"1993-01-15",460.684286721951
"3304",3304,"1993-01-16",401.315382846059
"3305",3305,"1993-01-17",369.855831627203
"3306",3306,"1993-01-18",352.490158027023
"3307",3307,"1993-01-19",341.129584641739
"3308",3308,"1993-01-20",331.293273867564
"3309",3309,"1993-01-21",326.372899994426
"3310",3310,"1993-01-22",872.595637649854
"3311",3311,"1993-01-23",788.237352123318
"3312",3312,"1993-01-24",532.095354156682
"3313",3313,"1993-01-25",597.218352908598
"3314",3314,"1993-01-26",561.093278638851
"3315",3315,"1993-01-27",430.262005663893
"3316",3316,"1993-01-28",364.875604207409
"3317",3317,"1993-01-29",333.623982702277
"3318",3318,"1993-01-30",317.121948887266
"3319",3319,"1993-01-31",305.774965071382
"3320",3320,"1993-02-01",296.857560213498
"3321",3321,"1993-02-02",289.059918480536
"3322",3322,"1993-02-03",281.634450558222
"3323",3323,"1993-02-04",274.352771770142
"3324",3324,"1993-02-05",267.247455690749
"3325",3325,"1993-02-06",260.214534362554
"3326",3326,"1993-02-07",253.254353946618
"3327",3327,"1993-02-08",246.390081874509
"3328",3328,"1993-02-09",239.615491683778
"3329",3329,"1993-02-10",232.993188765398
"3330",3330,"1993-02-11",226.750916142445
"3331",3331,"1993-02-12",881.878093749511
"3332",3332,"1993-02-13",774.924598134003
"3333",3333,"1993-02-14",522.278187359748
"3334",3334,"1993-02-15",380.358090692924
"3335",3335,"1993-02-16",319.066874175249
"3336",3336,"1993-02-17",327.736419797176
"3337",3337,"1993-02-18",363.110418740345
"3338",3338,"1993-02-19",313.653830275963
"3339",3339,"1993-02-20",284.759483223525
"3340",3340,"1993-02-21",269.931774251754
"3341",3341,"1993-02-22",727.649517843189
"3342",3342,"1993-02-23",657.958246426346
"3343",3343,"1993-02-24",443.25523171695
"3344",3344,"1993-02-25",341.711609395298
"3345",3345,"1993-02-26",300.145868874252
"3346",3346,"1993-02-27",274.027951139135
"3347",3347,"1993-02-28",261.142179459206
"3348",3348,"1993-03-01",255.149828619407
"3349",3349,"1993-03-02",253.65097506718
"3350",3350,"1993-03-03",255.840364782626
"3351",3351,"1993-03-04",1814.76552864835
"3352",3352,"1993-03-05",1272.26281977161
"3353",3353,"1993-03-06",735.193226942845
"3354",3354,"1993-03-07",499.997153978496
"3355",3355,"1993-03-08",394.159436400691
"3356",3356,"1993-03-09",348.286880389249
"3357",3357,"1993-03-10",325.565229552513
"3358",3358,"1993-03-11",309.894189398585
"3359",3359,"1993-03-12",299.050433218747
"3360",3360,"1993-03-13",352.070644497993
"3361",3361,"1993-03-14",420.457834981384
"3362",3362,"1993-03-15",352.844628315967
"3363",3363,"1993-03-16",320.114456567865
"3364",3364,"1993-03-17",327.915919029603
"3365",3365,"1993-03-18",405.125531980164
"3366",3366,"1993-03-19",455.451242491256
"3367",3367,"1993-03-20",380.500630047582
"3368",3368,"1993-03-21",367.856906272267
"3369",3369,"1993-03-22",376.634410434322
"3370",3370,"1993-03-23",594.655142924332
"3371",3371,"1993-03-24",3076.42862031105
"3372",3372,"1993-03-25",3361.80926697401
"3373",3373,"1993-03-26",1710.99287436338
"3374",3374,"1993-03-27",1415.51724376188
"3375",3375,"1993-03-28",1354.91585580904
"3376",3376,"1993-03-29",1022.68371948199
"3377",3377,"1993-03-30",709.814767972043
"3378",3378,"1993-03-31",554.461347038272
"3379",3379,"1993-04-01",488.961496410948
"3380",3380,"1993-04-02",470.478593931688
"3381",3381,"1993-04-03",447.719426515982
"3382",3382,"1993-04-04",427.625287526026
"3383",3383,"1993-04-05",452.343275576403
"3384",3384,"1993-04-06",1224.84082869575
"3385",3385,"1993-04-07",938.243649446803
"3386",3386,"1993-04-08",641.908261650209
"3387",3387,"1993-04-09",511.565440689028
"3388",3388,"1993-04-10",726.532459120472
"3389",3389,"1993-04-11",653.819645448832
"3390",3390,"1993-04-12",524.390123361068
"3391",3391,"1993-04-13",461.331152746297
"3392",3392,"1993-04-14",427.130348042543
"3393",3393,"1993-04-15",406.038464374589
"3394",3394,"1993-04-16",1327.36367239815
"3395",3395,"1993-04-17",820.450047064287
"3396",3396,"1993-04-18",567.085975690129
"3397",3397,"1993-04-19",455.353985853621
"3398",3398,"1993-04-20",398.775471124696
"3399",3399,"1993-04-21",369.693559579499
"3400",3400,"1993-04-22",351.944271006107
"3401",3401,"1993-04-23",338.740733201501
"3402",3402,"1993-04-24",328.248188425536
"3403",3403,"1993-04-25",318.473379975357
"3404",3404,"1993-04-26",454.434026934134
"3405",3405,"1993-04-27",437.094581714629
"3406",3406,"1993-04-28",367.704366210581
"3407",3407,"1993-04-29",332.474701859923
"3408",3408,"1993-04-30",313.199211951639
"3409",3409,"1993-05-01",299.709746319657
"3410",3410,"1993-05-02",289.297499768031
"3411",3411,"1993-05-03",280.307632903071
"3412",3412,"1993-05-04",273.448084321169
"3413",3413,"1993-05-05",2079.73490227085
"3414",3414,"1993-05-06",1006.05015621044
"3415",3415,"1993-05-07",584.018700920728
"3416",3416,"1993-05-08",401.625106902085
"3417",3417,"1993-05-09",316.11877871693
"3418",3418,"1993-05-10",324.171929512573
"3419",3419,"1993-05-11",342.491203230732
"3420",3420,"1993-05-12",299.262194702505
"3421",3421,"1993-05-13",803.125526045066
"3422",3422,"1993-05-14",1129.32794479178
"3423",3423,"1993-05-15",685.357387171468
"3424",3424,"1993-05-16",459.840784375097
"3425",3425,"1993-05-17",352.423676247235
"3426",3426,"1993-05-18",303.289174517886
"3427",3427,"1993-05-19",280.64353144432
"3428",3428,"1993-05-20",264.475639249395
"3429",3429,"1993-05-21",253.040825559192
"3430",3430,"1993-05-22",244.292690435722
"3431",3431,"1993-05-23",236.678863755957
"3432",3432,"1993-05-24",229.506702442785
"3433",3433,"1993-05-25",222.609245594569
"3434",3434,"1993-05-26",219.345754655224
"3435",3435,"1993-05-27",212.382304817127
"3436",3436,"1993-05-28",205.746683419942
"3437",3437,"1993-05-29",199.613490302024
"3438",3438,"1993-05-30",194.402345018724
"3439",3439,"1993-05-31",188.868118682234
"3440",3440,"1993-06-01",183.830028822518
"3441",3441,"1993-06-02",178.33457076041
"3442",3442,"1993-06-03",173.125223487882
"3443",3443,"1993-06-04",167.995908894935
"3444",3444,"1993-06-05",173.264520947896
"3445",3445,"1993-06-06",168.255866727225
"3446",3446,"1993-06-07",162.334911177963
"3447",3447,"1993-06-08",157.249982792279
"3448",3448,"1993-06-09",152.913600226501
"3449",3449,"1993-06-10",148.531445901711
"3450",3450,"1993-06-11",144.257622545211
"3451",3451,"1993-06-12",140.160091011518
"3452",3452,"1993-06-13",144.309588499985
"3453",3453,"1993-06-14",150.563274253817
"3454",3454,"1993-06-15",144.92286893546
"3455",3455,"1993-06-16",138.938639066446
"3456",3456,"1993-06-17",134.457416833657
"3457",3457,"1993-06-18",130.127928600354
"3458",3458,"1993-06-19",128.788310901324
"3459",3459,"1993-06-20",132.496122503601
"3460",3460,"1993-06-21",128.063068890158
"3461",3461,"1993-06-22",123.651808601125
"3462",3462,"1993-06-23",119.747589578241
"3463",3463,"1993-06-24",116.033606946675
"3464",3464,"1993-06-25",112.591852291595
"3465",3465,"1993-06-26",109.385986939558
"3466",3466,"1993-06-27",106.748081145572
"3467",3467,"1993-06-28",103.37931939046
"3468",3468,"1993-06-29",100.359550054044
"3469",3469,"1993-06-30",97.5734246373125
"3470",3470,"1993-07-01",94.97008149272
"3471",3471,"1993-07-02",93.3979522280464
"3472",3472,"1993-07-03",95.491326186886
"3473",3473,"1993-07-04",92.981115422452
"3474",3474,"1993-07-05",90.1106913170689
"3475",3475,"1993-07-06",87.7081380143132
"3476",3476,"1993-07-07",85.0184577834718
"3477",3477,"1993-07-08",82.4804602379996
"3478",3478,"1993-07-09",80.0021383085658
"3479",3479,"1993-07-10",78.1177094658716
"3480",3480,"1993-07-11",75.6307307873809
"3481",3481,"1993-07-12",73.808685028265
"3482",3482,"1993-07-13",71.7227985039591
"3483",3483,"1993-07-14",69.8811128185248
"3484",3484,"1993-07-15",74.9542237666872
"3485",3485,"1993-07-16",90.7923754522271
"3486",3486,"1993-07-17",101.498703154411
"3487",3487,"1993-07-18",101.812168926161
"3488",3488,"1993-07-19",96.1910994054624
"3489",3489,"1993-07-20",90.9158665104574
"3490",3490,"1993-07-21",87.0724292661769
"3491",3491,"1993-07-22",83.9806067920398
"3492",3492,"1993-07-23",81.2271315629781
"3493",3493,"1993-07-24",78.8378332543195
"3494",3494,"1993-07-25",77.5709075028498
"3495",3495,"1993-07-26",77.4520396913013
"3496",3496,"1993-07-27",88.0183556649574
"3497",3497,"1993-07-28",86.4402395784922
"3498",3498,"1993-07-29",82.8176989710923
"3499",3499,"1993-07-30",79.8718779109433
"3500",3500,"1993-07-31",77.4700787663946
"3501",3501,"1993-08-01",75.2160412895395
"3502",3502,"1993-08-02",72.9727874406475
"3503",3503,"1993-08-03",71.0003408458014
"3504",3504,"1993-08-04",68.7296800401641
"3505",3505,"1993-08-05",66.7825613736471
"3506",3506,"1993-08-06",69.0240956046939
"3507",3507,"1993-08-07",94.9432416381413
"3508",3508,"1993-08-08",95.0779209435604
"3509",3509,"1993-08-09",89.9485077153818
"3510",3510,"1993-08-10",85.9249951623349
"3511",3511,"1993-08-11",82.0940294366334
"3512",3512,"1993-08-12",79.3019587918875
"3513",3513,"1993-08-13",85.4702151667791
"3514",3514,"1993-08-14",109.89116629681
"3515",3515,"1993-08-15",122.772396868946
"3516",3516,"1993-08-16",108.957383254308
"3517",3517,"1993-08-17",99.0198530596282
"3518",3518,"1993-08-18",94.9642432489434
"3519",3519,"1993-08-19",90.4918024053763
"3520",3520,"1993-08-20",86.8348330855886
"3521",3521,"1993-08-21",93.4637983490393
"3522",3522,"1993-08-22",95.8995901116041
"3523",3523,"1993-08-23",91.6150295710053
"3524",3524,"1993-08-24",87.8409664168003
"3525",3525,"1993-08-25",86.5314388563309
"3526",3526,"1993-08-26",90.600212568219
"3527",3527,"1993-08-27",100.771731406769
"3528",3528,"1993-08-28",112.066384861012
"3529",3529,"1993-08-29",110.694991356181
"3530",3530,"1993-08-30",106.23791123077
"3531",3531,"1993-08-31",102.122709445352
"3532",3532,"1993-09-01",98.7480803459438
"3533",3533,"1993-09-02",95.9018612377307
"3534",3534,"1993-09-03",93.2221732035789
"3535",3535,"1993-09-04",92.6219644117886
"3536",3536,"1993-09-05",89.682342215988
"3537",3537,"1993-09-06",97.5084790795816
"3538",3538,"1993-09-07",94.6574100310369
"3539",3539,"1993-09-08",91.2010372756249
"3540",3540,"1993-09-09",88.6054702767987
"3541",3541,"1993-09-10",93.1416685984778
"3542",3542,"1993-09-11",91.7139824381787
"3543",3543,"1993-09-12",88.8037762592433
"3544",3544,"1993-09-13",85.9529903912192
"3545",3545,"1993-09-14",83.2322379902091
"3546",3546,"1993-09-15",80.6974926243872
"3547",3547,"1993-09-16",86.8193259674193
"3548",3548,"1993-09-17",98.8806457497153
"3549",3549,"1993-09-18",186.053942149706
"3550",3550,"1993-09-19",161.863053468074
"3551",3551,"1993-09-20",133.985660360502
"3552",3552,"1993-09-21",119.551378228181
"3553",3553,"1993-09-22",109.424840307246
"3554",3554,"1993-09-23",103.414112323172
"3555",3555,"1993-09-24",99.3114404892881
"3556",3556,"1993-09-25",95.995655942077
"3557",3557,"1993-09-26",93.4231008090485
"3558",3558,"1993-09-27",105.377097286512
"3559",3559,"1993-09-28",110.790960290798
"3560",3560,"1993-09-29",106.739341440877
"3561",3561,"1993-09-30",102.628254918597
"3562",3562,"1993-10-01",99.3275793841668
"3563",3563,"1993-10-02",96.2809548261626
"3564",3564,"1993-10-03",93.7792462583915
"3565",3565,"1993-10-04",90.8368391902913
"3566",3566,"1993-10-05",88.1950013524978
"3567",3567,"1993-10-06",85.6474505532511
"3568",3568,"1993-10-07",83.2420919745575
"3569",3569,"1993-10-08",80.8796366261462
"3570",3570,"1993-10-09",78.6048120010476
"3571",3571,"1993-10-10",80.050917791775
"3572",3572,"1993-10-11",78.3590893996282
"3573",3573,"1993-10-12",88.4073770629114
"3574",3574,"1993-10-13",86.5465481211954
"3575",3575,"1993-10-14",82.9462229167334
"3576",3576,"1993-10-15",79.8899804657035
"3577",3577,"1993-10-16",77.2883545239964
"3578",3578,"1993-10-17",75.1215681427863
"3579",3579,"1993-10-18",74.1264083894966
"3580",3580,"1993-10-19",71.5492069391045
"3581",3581,"1993-10-20",69.4775802843099
"3582",3582,"1993-10-21",67.380020857078
"3583",3583,"1993-10-22",66.3577359007709
"3584",3584,"1993-10-23",64.6001118648312
"3585",3585,"1993-10-24",62.6702492718065
"3586",3586,"1993-10-25",60.8508972517633
"3587",3587,"1993-10-26",59.1056173162766
"3588",3588,"1993-10-27",57.44486614101
"3589",3589,"1993-10-28",55.8443956981401
"3590",3590,"1993-10-29",54.3799734043443
"3591",3591,"1993-10-30",61.7902100886711
"3592",3592,"1993-10-31",80.1227759731595
"3593",3593,"1993-11-01",93.7750543064116
"3594",3594,"1993-11-02",92.3373023662491
"3595",3595,"1993-11-03",88.7615172838036
"3596",3596,"1993-11-04",89.5802780435076
"3597",3597,"1993-11-05",122.934164426983
"3598",3598,"1993-11-06",139.025607168113
"3599",3599,"1993-11-07",137.188095617396
"3600",3600,"1993-11-08",131.974081220533
"3601",3601,"1993-11-09",127.317488177213
"3602",3602,"1993-11-10",123.275781089178
"3603",3603,"1993-11-11",119.573862957131
"3604",3604,"1993-11-12",116.075337509724
"3605",3605,"1993-11-13",112.716788171447
"3606",3606,"1993-11-14",109.448321693687
"3607",3607,"1993-11-15",106.553583912896
"3608",3608,"1993-11-16",103.269478094129
"3609",3609,"1993-11-17",100.421659334608
"3610",3610,"1993-11-18",105.421129492916
"3611",3611,"1993-11-19",103.186973317372
"3612",3612,"1993-11-20",100.138797659342
"3613",3613,"1993-11-21",96.8952972944641
"3614",3614,"1993-11-22",93.9842948845857
"3615",3615,"1993-11-23",91.235108513443
"3616",3616,"1993-11-24",88.6172941525328
"3617",3617,"1993-11-25",86.0962237771272
"3618",3618,"1993-11-26",83.7316987979726
"3619",3619,"1993-11-27",144.628945901755
"3620",3620,"1993-11-28",191.161568970647
"3621",3621,"1993-11-29",188.654202489552
"3622",3622,"1993-11-30",164.981856898008
"3623",3623,"1993-12-01",152.725095815203
"3624",3624,"1993-12-02",144.975519196103
"3625",3625,"1993-12-03",139.113335351948
"3626",3626,"1993-12-04",135.994088708804
"3627",3627,"1993-12-05",1589.62099035922
"3628",3628,"1993-12-06",1148.79750985421
"3629",3629,"1993-12-07",625.002404134457
"3630",3630,"1993-12-08",400.000524939649
"3631",3631,"1993-12-09",296.727822112721
"3632",3632,"1993-12-10",253.366313707307
"3633",3633,"1993-12-11",238.872713483935
"3634",3634,"1993-12-12",229.831127806864
"3635",3635,"1993-12-13",220.414830493717
"3636",3636,"1993-12-14",213.17582298885
"3637",3637,"1993-12-15",210.400333892567
"3638",3638,"1993-12-16",218.400060581639
"3639",3639,"1993-12-17",222.560919423035
"3640",3640,"1993-12-18",213.263513108077
"3641",3641,"1993-12-19",206.069649825556
"3642",3642,"1993-12-20",200.381000514885
"3643",3643,"1993-12-21",202.259274824635
"3644",3644,"1993-12-22",190.391154251699
"3645",3645,"1993-12-23",185.058196725779
"3646",3646,"1993-12-24",180.248230585638
"3647",3647,"1993-12-25",175.597054514233
"3648",3648,"1993-12-26",171.51361016277
"3649",3649,"1993-12-27",166.792696905257
"3650",3650,"1993-12-28",171.148457079263
"3651",3651,"1993-12-29",229.07828476995
"3652",3652,"1993-12-30",301.152431634747
"3653",3653,"1993-12-31",238.234825211774
"3654",3654,"1994-01-01",200.237108681833
"3655",3655,"1994-01-02",181.968443549635
"3656",3656,"1994-01-03",176.9612557491
"3657",3657,"1994-01-04",190.198905190426
"3658",3658,"1994-01-05",173.626343655451
"3659",3659,"1994-01-06",166.229551290013
"3660",3660,"1994-01-07",161.076712264846
"3661",3661,"1994-01-08",164.024957259098
"3662",3662,"1994-01-09",167.339199261997
"3663",3663,"1994-01-10",159.149486213148
"3664",3664,"1994-01-11",153.436003854391
"3665",3665,"1994-01-12",270.902320178854
"3666",3666,"1994-01-13",265.869703959423
"3667",3667,"1994-01-14",228.276353815582
"3668",3668,"1994-01-15",199.42505092827
"3669",3669,"1994-01-16",176.110209702675
"3670",3670,"1994-01-17",163.152045187383
"3671",3671,"1994-01-18",181.271770665692
"3672",3672,"1994-01-19",201.444680657311
"3673",3673,"1994-01-20",172.458188161867
"3674",3674,"1994-01-21",156.076742522417
"3675",3675,"1994-01-22",147.42531726747
"3676",3676,"1994-01-23",140.881790997424
"3677",3677,"1994-01-24",184.971636797716
"3678",3678,"1994-01-25",234.570884003502
"3679",3679,"1994-01-26",375.284818900364
"3680",3680,"1994-01-27",775.292114651572
"3681",3681,"1994-01-28",806.551887932094
"3682",3682,"1994-01-29",1321.26480695251
"3683",3683,"1994-01-30",746.085018188191
"3684",3684,"1994-01-31",440.601006279175
"3685",3685,"1994-02-01",293.547626720947
"3686",3686,"1994-02-02",225.383114247697
"3687",3687,"1994-02-03",193.735962941892
"3688",3688,"1994-02-04",178.756719469516
"3689",3689,"1994-02-05",188.647580659341
"3690",3690,"1994-02-06",290.271214485559
"3691",3691,"1994-02-07",425.327027635683
"3692",3692,"1994-02-08",370.523023244988
"3693",3693,"1994-02-09",3012.29425820819
"3694",3694,"1994-02-10",2105.22714785146
"3695",3695,"1994-02-11",1977.58108249493
"3696",3696,"1994-02-12",1074.59695663894
"3697",3697,"1994-02-13",646.750900685702
"3698",3698,"1994-02-14",507.104244171145
"3699",3699,"1994-02-15",400.871557628038
"3700",3700,"1994-02-16",360.334097163512
"3701",3701,"1994-02-17",390.398632712544
"3702",3702,"1994-02-18",406.541649660607
"3703",3703,"1994-02-19",672.251312763384
"3704",3704,"1994-02-20",831.727102413103
"3705",3705,"1994-02-21",855.002293626649
"3706",3706,"1994-02-22",781.652224462851
"3707",3707,"1994-02-23",3076.32747150417
"3708",3708,"1994-02-24",2884.88897726335
"3709",3709,"1994-02-25",1168.70477107728
"3710",3710,"1994-02-26",670.615818257483
"3711",3711,"1994-02-27",462.997926831629
"3712",3712,"1994-02-28",364.723020938611
"3713",3713,"1994-03-01",320.596209260962
"3714",3714,"1994-03-02",490.974643056536
"3715",3715,"1994-03-03",634.333559388395
"3716",3716,"1994-03-04",458.488728170343
"3717",3717,"1994-03-05",419.330755082458
"3718",3718,"1994-03-06",426.458158869371
"3719",3719,"1994-03-07",403.285930455566
"3720",3720,"1994-03-08",409.048974951258
"3721",3721,"1994-03-09",408.817148982151
"3722",3722,"1994-03-10",581.074594330879
"3723",3723,"1994-03-11",562.331499985009
"3724",3724,"1994-03-12",444.604722367091
"3725",3725,"1994-03-13",386.035878733914
"3726",3726,"1994-03-14",358.216715503175
"3727",3727,"1994-03-15",344.102833042105
"3728",3728,"1994-03-16",339.662705763986
"3729",3729,"1994-03-17",336.495491563294
"3730",3730,"1994-03-18",328.153002956353
"3731",3731,"1994-03-19",320.976558643683
"3732",3732,"1994-03-20",314.026519647786
"3733",3733,"1994-03-21",309.000006621973
"3734",3734,"1994-03-22",318.316920216912
"3735",3735,"1994-03-23",324.206593817159
"3736",3736,"1994-03-24",307.343493091342
"3737",3737,"1994-03-25",298.470122834655
"3738",3738,"1994-03-26",290.402743286687
"3739",3739,"1994-03-27",313.443801513351
"3740",3740,"1994-03-28",1343.54874715902
"3741",3741,"1994-03-29",2927.57237308793
"3742",3742,"1994-03-30",1629.31603107469
"3743",3743,"1994-03-31",963.790330896327
"3744",3744,"1994-04-01",679.06508323377
"3745",3745,"1994-04-02",531.82592504313
"3746",3746,"1994-04-03",461.889743716864
"3747",3747,"1994-04-04",425.206770849091
"3748",3748,"1994-04-05",403.945380286566
"3749",3749,"1994-04-06",398.869132144121
"3750",3750,"1994-04-07",403.128268611744
"3751",3751,"1994-04-08",387.64227433391
"3752",3752,"1994-04-09",372.472572147695
"3753",3753,"1994-04-10",360.417347588137
"3754",3754,"1994-04-11",572.254883778003
"3755",3755,"1994-04-12",693.902312491835
"3756",3756,"1994-04-13",910.150465552809
"3757",3757,"1994-04-14",714.575807729836
"3758",3758,"1994-04-15",540.063994664785
"3759",3759,"1994-04-16",551.950574455342
"3760",3760,"1994-04-17",480.880421267258
"3761",3761,"1994-04-18",427.597258109577
"3762",3762,"1994-04-19",398.474667043318
"3763",3763,"1994-04-20",379.890229766928
"3764",3764,"1994-04-21",366.195199115702
"3765",3765,"1994-04-22",354.376665535134
"3766",3766,"1994-04-23",344.080231084245
"3767",3767,"1994-04-24",333.982712899871
"3768",3768,"1994-04-25",324.556923533781
"3769",3769,"1994-04-26",315.170874123133
"3770",3770,"1994-04-27",306.258286984267
"3771",3771,"1994-04-28",311.765570636278
"3772",3772,"1994-04-29",344.83971062263
"3773",3773,"1994-04-30",389.658388506461
"3774",3774,"1994-05-01",349.49097951118
"3775",3775,"1994-05-02",309.571417853516
"3776",3776,"1994-05-03",286.796348203962
"3777",3777,"1994-05-04",931.87108923146
"3778",3778,"1994-05-05",569.88825440579
"3779",3779,"1994-05-06",400.076522064895
"3780",3780,"1994-05-07",321.519629034821
"3781",3781,"1994-05-08",295.673205229204
"3782",3782,"1994-05-09",291.828758622423
"3783",3783,"1994-05-10",270.31605376749
"3784",3784,"1994-05-11",256.540827691575
"3785",3785,"1994-05-12",246.966562958987
"3786",3786,"1994-05-13",239.234301703418
"3787",3787,"1994-05-14",232.150290461027
"3788",3788,"1994-05-15",225.389129111258
"3789",3789,"1994-05-16",220.534605296657
"3790",3790,"1994-05-17",213.526194652167
"3791",3791,"1994-05-18",207.447323663081
"3792",3792,"1994-05-19",201.623833829509
"3793",3793,"1994-05-20",195.933176925844
"3794",3794,"1994-05-21",190.359015319617
"3795",3795,"1994-05-22",184.955026360484
"3796",3796,"1994-05-23",179.557996468869
"3797",3797,"1994-05-24",174.301540840195
"3798",3798,"1994-05-25",170.655354528245
"3799",3799,"1994-05-26",165.415631748551
"3800",3800,"1994-05-27",222.308317992276
"3801",3801,"1994-05-28",266.886254066522
"3802",3802,"1994-05-29",209.725014598575
"3803",3803,"1994-05-30",177.698780226302
"3804",3804,"1994-05-31",161.584217505803
"3805",3805,"1994-06-01",153.297861541808
"3806",3806,"1994-06-02",147.138492779084
"3807",3807,"1994-06-03",142.010654639197
"3808",3808,"1994-06-04",137.54397177602
"3809",3809,"1994-06-05",133.427389989731
"3810",3810,"1994-06-06",129.459104893157
"3811",3811,"1994-06-07",127.324373233015
"3812",3812,"1994-06-08",155.462935837428
"3813",3813,"1994-06-09",168.641904172456
"3814",3814,"1994-06-10",153.013721893947
"3815",3815,"1994-06-11",143.526394408005
"3816",3816,"1994-06-12",136.323714505072
"3817",3817,"1994-06-13",130.386405442081
"3818",3818,"1994-06-14",125.823135727128
"3819",3819,"1994-06-15",121.828084752399
"3820",3820,"1994-06-16",118.565464045629
"3821",3821,"1994-06-17",131.736742689449
"3822",3822,"1994-06-18",128.307311332891
"3823",3823,"1994-06-19",121.996330700094
"3824",3824,"1994-06-20",117.506700645663
"3825",3825,"1994-06-21",124.413457686069
"3826",3826,"1994-06-22",129.147790291079
"3827",3827,"1994-06-23",127.270318564776
"3828",3828,"1994-06-24",124.224816731223
"3829",3829,"1994-06-25",123.552461435024
"3830",3830,"1994-06-26",119.953760480177
"3831",3831,"1994-06-27",179.222767158897
"3832",3832,"1994-06-28",191.137946679613
"3833",3833,"1994-06-29",171.049356148325
"3834",3834,"1994-06-30",163.386910325582
"3835",3835,"1994-07-01",155.398076719129
"3836",3836,"1994-07-02",149.203843800021
"3837",3837,"1994-07-03",143.846891554903
"3838",3838,"1994-07-04",139.218234505886
"3839",3839,"1994-07-05",136.006559934966
"3840",3840,"1994-07-06",131.865560735868
"3841",3841,"1994-07-07",127.732448120316
"3842",3842,"1994-07-08",123.967353769333
"3843",3843,"1994-07-09",121.202053837703
"3844",3844,"1994-07-10",118.101745285122
"3845",3845,"1994-07-11",114.230306086369
"3846",3846,"1994-07-12",111.136174018164
"3847",3847,"1994-07-13",108.831691512165
"3848",3848,"1994-07-14",111.967200762686
"3849",3849,"1994-07-15",122.46389166185
"3850",3850,"1994-07-16",119.687009385771
"3851",3851,"1994-07-17",114.876856164382
"3852",3852,"1994-07-18",114.779143316112
"3853",3853,"1994-07-19",119.077260559465
"3854",3854,"1994-07-20",116.987711216529
"3855",3855,"1994-07-21",114.079867972531
"3856",3856,"1994-07-22",111.759703336872
"3857",3857,"1994-07-23",112.488509133144
"3858",3858,"1994-07-24",107.78394446869
"3859",3859,"1994-07-25",103.411866455812
"3860",3860,"1994-07-26",100.238143328067
"3861",3861,"1994-07-27",112.014288009359
"3862",3862,"1994-07-28",129.60482148304
"3863",3863,"1994-07-29",167.983307795354
"3864",3864,"1994-07-30",164.887719339935
"3865",3865,"1994-07-31",152.570386121249
"3866",3866,"1994-08-01",143.138221563445
"3867",3867,"1994-08-02",160.286246824308
"3868",3868,"1994-08-03",367.038267878935
"3869",3869,"1994-08-04",353.958753240495
"3870",3870,"1994-08-05",249.129391644372
"3871",3871,"1994-08-06",194.635915355234
"3872",3872,"1994-08-07",167.470043404339
"3873",3873,"1994-08-08",154.723118005375
"3874",3874,"1994-08-09",147.109406931104
"3875",3875,"1994-08-10",141.096185039589
"3876",3876,"1994-08-11",139.867594946882
"3877",3877,"1994-08-12",260.296421670861
"3878",3878,"1994-08-13",279.085701343933
"3879",3879,"1994-08-14",210.133681932518
"3880",3880,"1994-08-15",174.501717927544
"3881",3881,"1994-08-16",195.886569459613
"3882",3882,"1994-08-17",5478.44920539195
"3883",3883,"1994-08-18",2716.48417662974
"3884",3884,"1994-08-19",1384.26832439021
"3885",3885,"1994-08-20",772.599431960037
"3886",3886,"1994-08-21",513.37557541706
"3887",3887,"1994-08-22",402.482503788959
"3888",3888,"1994-08-23",354.058446567658
"3889",3889,"1994-08-24",319.613421654936
"3890",3890,"1994-08-25",299.614499543767
"3891",3891,"1994-08-26",286.241775847719
"3892",3892,"1994-08-27",276.11040461388
"3893",3893,"1994-08-28",267.416075301817
"3894",3894,"1994-08-29",259.261462762841
"3895",3895,"1994-08-30",252.069852602644
"3896",3896,"1994-08-31",244.520661392696
"3897",3897,"1994-09-01",237.677700661344
"3898",3898,"1994-09-02",241.116711745486
"3899",3899,"1994-09-03",248.753368569095
"3900",3900,"1994-09-04",272.540955342665
"3901",3901,"1994-09-05",262.123683355217
"3902",3902,"1994-09-06",239.74329232119
"3903",3903,"1994-09-07",226.3894865339
"3904",3904,"1994-09-08",216.05336193927
"3905",3905,"1994-09-09",208.396967078444
"3906",3906,"1994-09-10",201.88217066406
"3907",3907,"1994-09-11",195.848813754233
"3908",3908,"1994-09-12",190.241499235254
"3909",3909,"1994-09-13",184.82983609813
"3910",3910,"1994-09-14",179.5865792086
"3911",3911,"1994-09-15",174.440303984023
"3912",3912,"1994-09-16",169.414630093765
"3913",3913,"1994-09-17",164.620035047537
"3914",3914,"1994-09-18",162.569815994105
"3915",3915,"1994-09-19",157.639698085358
"3916",3916,"1994-09-20",153.497214517778
"3917",3917,"1994-09-21",149.228813275696
"3918",3918,"1994-09-22",145.033016114951
"3919",3919,"1994-09-23",140.973818767852
"3920",3920,"1994-09-24",137.105065765834
"3921",3921,"1994-09-25",133.825678642646
"3922",3922,"1994-09-26",161.934825119276
"3923",3923,"1994-09-27",158.625562723419
"3924",3924,"1994-09-28",149.460898840391
"3925",3925,"1994-09-29",142.163591581145
"3926",3926,"1994-09-30",136.589989701122
"3927",3927,"1994-10-01",131.990077834443
"3928",3928,"1994-10-02",127.862873652798
"3929",3929,"1994-10-03",124.160618777528
"3930",3930,"1994-10-04",120.862638691296
"3931",3931,"1994-10-05",117.413489650744
"3932",3932,"1994-10-06",114.054720112488
"3933",3933,"1994-10-07",110.826285487737
"3934",3934,"1994-10-08",107.723518526114
"3935",3935,"1994-10-09",104.68497304766
"3936",3936,"1994-10-10",105.705185963305
"3937",3937,"1994-10-11",103.599128428205
"3938",3938,"1994-10-12",100.455240622936
"3939",3939,"1994-10-13",97.7631661635113
"3940",3940,"1994-10-14",146.488670763116
"3941",3941,"1994-10-15",158.914796978815
"3942",3942,"1994-10-16",136.741163923988
"3943",3943,"1994-10-17",121.136070679078
"3944",3944,"1994-10-18",111.730735907637
"3945",3945,"1994-10-19",105.767798619327
"3946",3946,"1994-10-20",105.078621281964
"3947",3947,"1994-10-21",108.584935897771
"3948",3948,"1994-10-22",104.719033708054
"3949",3949,"1994-10-23",206.882955382362
"3950",3950,"1994-10-24",192.482614921982
"3951",3951,"1994-10-25",148.724686104889
"3952",3952,"1994-10-26",136.523642130589
"3953",3953,"1994-10-27",125.615039300502
"3954",3954,"1994-10-28",116.267622039146
"3955",3955,"1994-10-29",110.213133035056
"3956",3956,"1994-10-30",105.930041127886
"3957",3957,"1994-10-31",102.424662689699
"3958",3958,"1994-11-01",104.358109481552
"3959",3959,"1994-11-02",103.87533905174
"3960",3960,"1994-11-03",100.360542461409
"3961",3961,"1994-11-04",97.0126317879573
"3962",3962,"1994-11-05",94.0132481316033
"3963",3963,"1994-11-06",91.3193834003703
"3964",3964,"1994-11-07",88.822797386111
"3965",3965,"1994-11-08",86.3425055804164
"3966",3966,"1994-11-09",83.9205491434572
"3967",3967,"1994-11-10",82.0515079464784
"3968",3968,"1994-11-11",84.1672978205134
"3969",3969,"1994-11-12",87.4209185211662
"3970",3970,"1994-11-13",84.0548406637866
"3971",3971,"1994-11-14",80.5866221618761
"3972",3972,"1994-11-15",77.7674727126019
"3973",3973,"1994-11-16",75.3594802344168
"3974",3974,"1994-11-17",73.1613750142917
"3975",3975,"1994-11-18",71.3528775736334
"3976",3976,"1994-11-19",69.2165152407884
"3977",3977,"1994-11-20",67.2175014297522
"3978",3978,"1994-11-21",102.745183865197
"3979",3979,"1994-11-22",123.828454268498
"3980",3980,"1994-11-23",111.453587261232
"3981",3981,"1994-11-24",101.088937653992
"3982",3982,"1994-11-25",94.6279889573766
"3983",3983,"1994-11-26",90.3244433479341
"3984",3984,"1994-11-27",96.7133545259215
"3985",3985,"1994-11-28",128.831584810309
"3986",3986,"1994-11-29",137.448141729328
"3987",3987,"1994-11-30",125.559933524736
"3988",3988,"1994-12-01",115.831535487116
"3989",3989,"1994-12-02",109.684083568521
"3990",3990,"1994-12-03",105.336129286134
"3991",3991,"1994-12-04",121.79321740968
"3992",3992,"1994-12-05",1384.87439206133
"3993",3993,"1994-12-06",725.476667023678
"3994",3994,"1994-12-07",424.984790051494
"3995",3995,"1994-12-08",288.024293618326
"3996",3996,"1994-12-09",225.108753876719
"3997",3997,"1994-12-10",196.1542630791
"3998",3998,"1994-12-11",193.730796540976
"3999",3999,"1994-12-12",187.894533233125
"4000",4000,"1994-12-13",180.150498115189
"4001",4001,"1994-12-14",174.322415320247
"4002",4002,"1994-12-15",171.445491050233
"4003",4003,"1994-12-16",172.91512383939
"4004",4004,"1994-12-17",177.466383086402
"4005",4005,"1994-12-18",186.947177626775
"4006",4006,"1994-12-19",201.185646509382
"4007",4007,"1994-12-20",197.373052921578
"4008",4008,"1994-12-21",190.446990847783
"4009",4009,"1994-12-22",184.426059032837
"4010",4010,"1994-12-23",179.238445088845
"4011",4011,"1994-12-24",176.207472390315
"4012",4012,"1994-12-25",175.834281221077
"4013",4013,"1994-12-26",171.341556569432
"4014",4014,"1994-12-27",166.586091839909
"4015",4015,"1994-12-28",162.074829068508
"4016",4016,"1994-12-29",157.890449273644
"4017",4017,"1994-12-30",154.282938166848
"4018",4018,"1994-12-31",150.69076765186
"4019",4019,"1995-01-01",148.736547944399
"4020",4020,"1995-01-02",203.307452991395
"4021",4021,"1995-01-03",183.128524506214
"4022",4022,"1995-01-04",160.669716849508
"4023",4023,"1995-01-05",149.73375250829
"4024",4024,"1995-01-06",142.306461266021
"4025",4025,"1995-01-07",148.918739680689
"4026",4026,"1995-01-08",140.642323822849
"4027",4027,"1995-01-09",133.009903766624
"4028",4028,"1995-01-10",127.8646165077
"4029",4029,"1995-01-11",125.789185070932
"4030",4030,"1995-01-12",171.65134904092
"4031",4031,"1995-01-13",232.136831370045
"4032",4032,"1995-01-14",1039.22956833348
"4033",4033,"1995-01-15",9005.55810390906
"4034",4034,"1995-01-16",5187.17626250242
"4035",4035,"1995-01-17",2626.4863726146
"4036",4036,"1995-01-18",1374.80115657634
"4037",4037,"1995-01-19",845.558511246163
"4038",4038,"1995-01-20",632.656136237272
"4039",4039,"1995-01-21",532.735992861495
"4040",4040,"1995-01-22",479.769111006258
"4041",4041,"1995-01-23",449.351899599469
"4042",4042,"1995-01-24",430.379863976816
"4043",4043,"1995-01-25",416.110630370118
"4044",4044,"1995-01-26",406.918860351669
"4045",4045,"1995-01-27",402.082942971453
"4046",4046,"1995-01-28",390.405884398589
"4047",4047,"1995-01-29",380.778364858708
"4048",4048,"1995-01-30",367.541326165286
"4049",4049,"1995-01-31",358.840137106604
"4050",4050,"1995-02-01",353.284995603786
"4051",4051,"1995-02-02",349.533109016534
"4052",4052,"1995-02-03",366.885339054076
"4053",4053,"1995-02-04",374.051906634382
"4054",4054,"1995-02-05",350.097242799098
"4055",4055,"1995-02-06",331.685813806678
"4056",4056,"1995-02-07",318.874239022887
"4057",4057,"1995-02-08",310.894464994924
"4058",4058,"1995-02-09",299.369722583181
"4059",4059,"1995-02-10",290.458829697519
"4060",4060,"1995-02-11",282.161093524749
"4061",4061,"1995-02-12",282.972990247373
"4062",4062,"1995-02-13",290.879987617637
"4063",4063,"1995-02-14",272.745269372332
"4064",4064,"1995-02-15",262.45553061212
"4065",4065,"1995-02-16",554.480783432373
"4066",4066,"1995-02-17",1909.30729313526
"4067",4067,"1995-02-18",1489.15618569334
"4068",4068,"1995-02-19",969.660915574369
"4069",4069,"1995-02-20",888.329058638776
"4070",4070,"1995-02-21",881.751018154661
"4071",4071,"1995-02-22",677.372282081647
"4072",4072,"1995-02-23",464.655857777365
"4073",4073,"1995-02-24",507.907296947505
"4074",4074,"1995-02-25",555.725270717257
"4075",4075,"1995-02-26",406.516753289146
"4076",4076,"1995-02-27",347.036351167036
"4077",4077,"1995-02-28",768.447109069285
"4078",4078,"1995-03-01",1313.16001891898
"4079",4079,"1995-03-02",855.294034499535
"4080",4080,"1995-03-03",556.497063072533
"4081",4081,"1995-03-04",424.256411264504
"4082",4082,"1995-03-05",359.939525330555
"4083",4083,"1995-03-06",378.061747393432
"4084",4084,"1995-03-07",403.217164950518
"4085",4085,"1995-03-08",544.781240208206
"4086",4086,"1995-03-09",2412.73719967043
"4087",4087,"1995-03-10",1579.86331315079
"4088",4088,"1995-03-11",887.025071984553
"4089",4089,"1995-03-12",601.811378005307
"4090",4090,"1995-03-13",477.679338438341
"4091",4091,"1995-03-14",415.807446418832
"4092",4092,"1995-03-15",384.072662317588
"4093",4093,"1995-03-16",365.507554652728
"4094",4094,"1995-03-17",352.352236287502
"4095",4095,"1995-03-18",341.438681715684
"4096",4096,"1995-03-19",331.661815608728
"4097",4097,"1995-03-20",327.425912971466
"4098",4098,"1995-03-21",671.003417511247
"4099",4099,"1995-03-22",503.114479342036
"4100",4100,"1995-03-23",390.08185717519
"4101",4101,"1995-03-24",335.852175832545
"4102",4102,"1995-03-25",309.589945436182
"4103",4103,"1995-03-26",293.322754223105
"4104",4104,"1995-03-27",281.871134529291
"4105",4105,"1995-03-28",273.072625610432
"4106",4106,"1995-03-29",264.45262180751
"4107",4107,"1995-03-30",256.749519050386
"4108",4108,"1995-03-31",249.392329103631
"4109",4109,"1995-04-01",242.328504909587
"4110",4110,"1995-04-02",235.493308501286
"4111",4111,"1995-04-03",228.849743247182
"4112",4112,"1995-04-04",222.242011662603
"4113",4113,"1995-04-05",215.975169670906
"4114",4114,"1995-04-06",209.905034938013
"4115",4115,"1995-04-07",203.908425954149
"4116",4116,"1995-04-08",198.089765334603
"4117",4117,"1995-04-09",192.397368903538
"4118",4118,"1995-04-10",186.893644267214
"4119",4119,"1995-04-11",181.522412853072
"4120",4120,"1995-04-12",176.95172653905
"4121",4121,"1995-04-13",176.438811132432
"4122",4122,"1995-04-14",172.939985322494
"4123",4123,"1995-04-15",167.582533952046
"4124",4124,"1995-04-16",162.602682842502
"4125",4125,"1995-04-17",157.887507560032
"4126",4126,"1995-04-18",153.871011897417
"4127",4127,"1995-04-19",149.517953806447
"4128",4128,"1995-04-20",145.251553855272
"4129",4129,"1995-04-21",142.822707754424
"4130",4130,"1995-04-22",138.446638523657
"4131",4131,"1995-04-23",134.471292114497
"4132",4132,"1995-04-24",171.588080619923
"4133",4133,"1995-04-25",160.174441943721
"4134",4134,"1995-04-26",145.062032992885
"4135",4135,"1995-04-27",134.859914827271
"4136",4136,"1995-04-28",128.16859865618
"4137",4137,"1995-04-29",123.425953280132
"4138",4138,"1995-04-30",119.458936087938
"4139",4139,"1995-05-01",116.88129279567
"4140",4140,"1995-05-02",236.438259583963
"4141",4141,"1995-05-03",294.689476242555
"4142",4142,"1995-05-04",273.656325458849
"4143",4143,"1995-05-05",194.774670230723
"4144",4144,"1995-05-06",156.34804512054
"4145",4145,"1995-05-07",139.361616222767
"4146",4146,"1995-05-08",128.875063622847
"4147",4147,"1995-05-09",122.289934233087
"4148",4148,"1995-05-10",295.923163917383
"4149",4149,"1995-05-11",1266.32090272307
"4150",4150,"1995-05-12",643.019425601946
"4151",4151,"1995-05-13",375.182989770539
"4152",4152,"1995-05-14",310.729459202496
"4153",4153,"1995-05-15",552.12193365947
"4154",4154,"1995-05-16",418.659381348991
"4155",4155,"1995-05-17",287.038600094545
"4156",4156,"1995-05-18",224.858802196462
"4157",4157,"1995-05-19",240.114969779427
"4158",4158,"1995-05-20",216.233681602656
"4159",4159,"1995-05-21",191.541902925858
"4160",4160,"1995-05-22",177.748939801133
"4161",4161,"1995-05-23",169.169512165037
"4162",4162,"1995-05-24",162.772851960427
"4163",4163,"1995-05-25",157.591076925712
"4164",4164,"1995-05-26",153.296940832032
"4165",4165,"1995-05-27",148.867123214479
"4166",4166,"1995-05-28",197.414680528683
"4167",4167,"1995-05-29",226.609725837846
"4168",4168,"1995-05-30",195.412674713377
"4169",4169,"1995-05-31",176.280331630569
"4170",4170,"1995-06-01",166.405092004823
"4171",4171,"1995-06-02",185.537582808562
"4172",4172,"1995-06-03",945.570560383955
"4173",4173,"1995-06-04",561.692563600072
"4174",4174,"1995-06-05",348.53170539695
"4175",4175,"1995-06-06",272.101636318873
"4176",4176,"1995-06-07",608.173024416768
"4177",4177,"1995-06-08",449.913920619803
"4178",4178,"1995-06-09",314.539958530999
"4179",4179,"1995-06-10",251.562162281981
"4180",4180,"1995-06-11",220.649481613025
"4181",4181,"1995-06-12",463.251810459903
"4182",4182,"1995-06-13",661.486634572496
"4183",4183,"1995-06-14",544.759976864147
"4184",4184,"1995-06-15",372.664604013825
"4185",4185,"1995-06-16",292.922325179608
"4186",4186,"1995-06-17",253.461501798158
"4187",4187,"1995-06-18",236.915170912609
"4188",4188,"1995-06-19",231.626204276607
"4189",4189,"1995-06-20",866.1227816782
"4190",4190,"1995-06-21",533.945700135467
"4191",4191,"1995-06-22",697.51096624272
"4192",4192,"1995-06-23",818.318303702787
"4193",4193,"1995-06-24",573.244839277519
"4194",4194,"1995-06-25",413.668523517586
"4195",4195,"1995-06-26",364.863799389188
"4196",4196,"1995-06-27",345.180571175492
"4197",4197,"1995-06-28",309.158281129534
"4198",4198,"1995-06-29",344.822971673229
"4199",4199,"1995-06-30",627.550956824449
"4200",4200,"1995-07-01",556.123712989856
"4201",4201,"1995-07-02",454.923954039719
"4202",4202,"1995-07-03",422.516773250165
"4203",4203,"1995-07-04",344.150285340978
"4204",4204,"1995-07-05",304.726951565565
"4205",4205,"1995-07-06",283.338068865414
"4206",4206,"1995-07-07",269.883079584559
"4207",4207,"1995-07-08",259.250900262524
"4208",4208,"1995-07-09",250.652117604882
"4209",4209,"1995-07-10",242.87928073707
"4210",4210,"1995-07-11",235.627510547098
"4211",4211,"1995-07-12",228.521716517388
"4212",4212,"1995-07-13",221.83046523259
"4213",4213,"1995-07-14",215.365750196734
"4214",4214,"1995-07-15",209.07680517084
"4215",4215,"1995-07-16",202.959777008194
"4216",4216,"1995-07-17",197.474479020303
"4217",4217,"1995-07-18",194.970530640217
"4218",4218,"1995-07-19",187.949895357645
"4219",4219,"1995-07-20",182.345609974835
"4220",4220,"1995-07-21",176.981817696028
"4221",4221,"1995-07-22",171.938758665526
"4222",4222,"1995-07-23",167.019273235476
"4223",4223,"1995-07-24",162.143436416368
"4224",4224,"1995-07-25",157.866849569291
"4225",4225,"1995-07-26",168.080880243198
"4226",4226,"1995-07-27",163.328269603061
"4227",4227,"1995-07-28",157.736574681909
"4228",4228,"1995-07-29",153.553742629319
"4229",4229,"1995-07-30",149.305627806899
"4230",4230,"1995-07-31",145.40322044763
"4231",4231,"1995-08-01",143.13098928783
"4232",4232,"1995-08-02",138.256474495429
"4233",4233,"1995-08-03",134.288031392917
"4234",4234,"1995-08-04",132.65443492452
"4235",4235,"1995-08-05",137.015781621803
"4236",4236,"1995-08-06",134.476873243187
"4237",4237,"1995-08-07",129.535513569925
"4238",4238,"1995-08-08",125.997526336178
"4239",4239,"1995-08-09",122.318827186773
"4240",4240,"1995-08-10",118.369996543561
"4241",4241,"1995-08-11",115.398514588071
"4242",4242,"1995-08-12",114.229410327819
"4243",4243,"1995-08-13",111.03621819141
"4244",4244,"1995-08-14",107.315653195826
"4245",4245,"1995-08-15",104.438088079138
"4246",4246,"1995-08-16",101.610839832343
"4247",4247,"1995-08-17",98.2623649556849
"4248",4248,"1995-08-18",95.487615991683
"4249",4249,"1995-08-19",98.8569893517831
"4250",4250,"1995-08-20",95.9995812804639
"4251",4251,"1995-08-21",93.1323043165782
"4252",4252,"1995-08-22",94.1497648282789
"4253",4253,"1995-08-23",93.0690728358973
"4254",4254,"1995-08-24",89.5632253560248
"4255",4255,"1995-08-25",86.4503777214451
"4256",4256,"1995-08-26",89.2809382546805
"4257",4257,"1995-08-27",128.87079164444
"4258",4258,"1995-08-28",176.928576450827
"4259",4259,"1995-08-29",166.867630792717
"4260",4260,"1995-08-30",153.519767420189
"4261",4261,"1995-08-31",145.896025288035
"4262",4262,"1995-09-01",139.208852915934
"4263",4263,"1995-09-02",135.902812046373
"4264",4264,"1995-09-03",130.877154995293
"4265",4265,"1995-09-04",126.803444696933
"4266",4266,"1995-09-05",123.026268689628
"4267",4267,"1995-09-06",119.440914421731
"4268",4268,"1995-09-07",116.012287282121
"4269",4269,"1995-09-08",112.695514194507
"4270",4270,"1995-09-09",109.484959983494
"4271",4271,"1995-09-10",106.376825720489
"4272",4272,"1995-09-11",108.861594614852
"4273",4273,"1995-09-12",109.371929457805
"4274",4274,"1995-09-13",105.709046405316
"4275",4275,"1995-09-14",107.314430026184
"4276",4276,"1995-09-15",111.122223278648
"4277",4277,"1995-09-16",119.316088551118
"4278",4278,"1995-09-17",436.261237929491
"4279",4279,"1995-09-18",246.712334026735
"4280",4280,"1995-09-19",170.313481456797
"4281",4281,"1995-09-20",139.048104259237
"4282",4282,"1995-09-21",121.80349230289
"4283",4283,"1995-09-22",111.860407775996
"4284",4284,"1995-09-23",120.563782766664
"4285",4285,"1995-09-24",135.939236297122
"4286",4286,"1995-09-25",132.403723867928
"4287",4287,"1995-09-26",124.733831196094
"4288",4288,"1995-09-27",119.242380676802
"4289",4289,"1995-09-28",114.244136612305
"4290",4290,"1995-09-29",110.309813066976
"4291",4291,"1995-09-30",106.967608454797
"4292",4292,"1995-10-01",103.827488244145
"4293",4293,"1995-10-02",100.831630610788
"4294",4294,"1995-10-03",97.9496526010164
"4295",4295,"1995-10-04",106.647176214358
"4296",4296,"1995-10-05",2692.39070134639
"4297",4297,"1995-10-06",3599.34282145005
"4298",4298,"1995-10-07",1507.68295654994
"4299",4299,"1995-10-08",741.096276043185
"4300",4300,"1995-10-09",426.835206159908
"4301",4301,"1995-10-10",283.1110973691
"4302",4302,"1995-10-11",216.007212912092
"4303",4303,"1995-10-12",184.312342350986
"4304",4304,"1995-10-13",168.599858308407
"4305",4305,"1995-10-14",166.89815316373
"4306",4306,"1995-10-15",203.990011568923
"4307",4307,"1995-10-16",193.011995515319
"4308",4308,"1995-10-17",175.134973207475
"4309",4309,"1995-10-18",164.605858678165
"4310",4310,"1995-10-19",157.889057318974
"4311",4311,"1995-10-20",153.210114552543
"4312",4312,"1995-10-21",152.01066143035
"4313",4313,"1995-10-22",147.628906204157
"4314",4314,"1995-10-23",143.164481202473
"4315",4315,"1995-10-24",138.98057623209
"4316",4316,"1995-10-25",135.021530247874
"4317",4317,"1995-10-26",131.223548075147
"4318",4318,"1995-10-27",127.979350951474
"4319",4319,"1995-10-28",126.387625854928
"4320",4320,"1995-10-29",126.578507464047
"4321",4321,"1995-10-30",123.423246306676
"4322",4322,"1995-10-31",119.762159626416
"4323",4323,"1995-11-01",122.307685731324
"4324",4324,"1995-11-02",141.812574886568
"4325",4325,"1995-11-03",142.575725668214
"4326",4326,"1995-11-04",134.788308038678
"4327",4327,"1995-11-05",128.162491429225
"4328",4328,"1995-11-06",123.328547156981
"4329",4329,"1995-11-07",149.422375792838
"4330",4330,"1995-11-08",199.966660646775
"4331",4331,"1995-11-09",198.636841836723
"4332",4332,"1995-11-10",182.747402689233
"4333",4333,"1995-11-11",183.626129772709
"4334",4334,"1995-11-12",556.48058235747
"4335",4335,"1995-11-13",692.304536786289
"4336",4336,"1995-11-14",437.202934412517
"4337",4337,"1995-11-15",332.167708574035
"4338",4338,"1995-11-16",265.341041400728
"4339",4339,"1995-11-17",231.844924222882
"4340",4340,"1995-11-18",215.394748017157
"4341",4341,"1995-11-19",207.968182624117
"4342",4342,"1995-11-20",205.982150936873
"4343",4343,"1995-11-21",202.823915143784
"4344",4344,"1995-11-22",201.004806696902
"4345",4345,"1995-11-23",196.957113684493
"4346",4346,"1995-11-24",192.471506509638
"4347",4347,"1995-11-25",187.482546463654
"4348",4348,"1995-11-26",182.88684141684
"4349",4349,"1995-11-27",178.377410334567
"4350",4350,"1995-11-28",175.467435245617
"4351",4351,"1995-11-29",386.194970445766
"4352",4352,"1995-11-30",322.230781494171
"4353",4353,"1995-12-01",246.944905305918
"4354",4354,"1995-12-02",210.110994417518
"4355",4355,"1995-12-03",192.622137946312
"4356",4356,"1995-12-04",183.569408918124
"4357",4357,"1995-12-05",176.794973103328
"4358",4358,"1995-12-06",171.850103772328
"4359",4359,"1995-12-07",182.951253086926
"4360",4360,"1995-12-08",205.489644563332
"4361",4361,"1995-12-09",199.639895141149
"4362",4362,"1995-12-10",201.489799368808
"4363",4363,"1995-12-11",185.776339258917
"4364",4364,"1995-12-12",175.546948028188
"4365",4365,"1995-12-13",168.909550198579
"4366",4366,"1995-12-14",163.716084993218
"4367",4367,"1995-12-15",159.46830932394
"4368",4368,"1995-12-16",186.762014985603
"4369",4369,"1995-12-17",191.306367598465
"4370",4370,"1995-12-18",176.035274201881
"4371",4371,"1995-12-19",181.732641719567
"4372",4372,"1995-12-20",203.911341602327
"4373",4373,"1995-12-21",195.459141264932
"4374",4374,"1995-12-22",184.642742850266
"4375",4375,"1995-12-23",177.062507053126
"4376",4376,"1995-12-24",171.297027733325
"4377",4377,"1995-12-25",166.351334442197
"4378",4378,"1995-12-26",161.983752005791
"4379",4379,"1995-12-27",157.624678345428
"4380",4380,"1995-12-28",153.967653501728
"4381",4381,"1995-12-29",150.034554220084
"4382",4382,"1995-12-30",146.082873914071
"4383",4383,"1995-12-31",142.222052971464
"4384",4384,"1996-01-01",139.023187620263
"4385",4385,"1996-01-02",144.687675433293
"4386",4386,"1996-01-03",229.581463098463
"4387",4387,"1996-01-04",216.843643459687
"4388",4388,"1996-01-05",180.774031694109
"4389",4389,"1996-01-06",168.292702075745
"4390",4390,"1996-01-07",176.746665989306
"4391",4391,"1996-01-08",161.094169753055
"4392",4392,"1996-01-09",153.032653969797
"4393",4393,"1996-01-10",146.124205323064
"4394",4394,"1996-01-11",141.667210331293
"4395",4395,"1996-01-12",142.097465541592
"4396",4396,"1996-01-13",135.252328875885
"4397",4397,"1996-01-14",131.271719013662
"4398",4398,"1996-01-15",140.242352159655
"4399",4399,"1996-01-16",170.283429171094
"4400",4400,"1996-01-17",160.682190445255
"4401",4401,"1996-01-18",189.783409922802
"4402",4402,"1996-01-19",2898.27260513369
"4403",4403,"1996-01-20",1568.09236965793
"4404",4404,"1996-01-21",829.913254091782
"4405",4405,"1996-01-22",523.991842472325
"4406",4406,"1996-01-23",387.250875828884
"4407",4407,"1996-01-24",340.517886181477
"4408",4408,"1996-01-25",327.943033887114
"4409",4409,"1996-01-26",301.140958407162
"4410",4410,"1996-01-27",303.327289341419
"4411",4411,"1996-01-28",274.93660925615
"4412",4412,"1996-01-29",265.403473812005
"4413",4413,"1996-01-30",257.999674079851
"4414",4414,"1996-01-31",252.757691270746
"4415",4415,"1996-02-01",246.71786221789
"4416",4416,"1996-02-02",245.740306100739
"4417",4417,"1996-02-03",244.573199627432
"4418",4418,"1996-02-04",228.038117715987
"4419",4419,"1996-02-05",221.383699510958
"4420",4420,"1996-02-06",215.588601337824
"4421",4421,"1996-02-07",209.972647564383
"4422",4422,"1996-02-08",210.861360734044
"4423",4423,"1996-02-09",660.684529932596
"4424",4424,"1996-02-10",785.620499022335
"4425",4425,"1996-02-11",1217.33821722285
"4426",4426,"1996-02-12",1114.19376429655
"4427",4427,"1996-02-13",678.058997465673
"4428",4428,"1996-02-14",470.108986734404
"4429",4429,"1996-02-15",378.967292581722
"4430",4430,"1996-02-16",342.47799057658
"4431",4431,"1996-02-17",313.551560907513
"4432",4432,"1996-02-18",295.918226609952
"4433",4433,"1996-02-19",284.496483398808
"4434",4434,"1996-02-20",378.199853607658
"4435",4435,"1996-02-21",1284.09866669904
"4436",4436,"1996-02-22",1081.88949659587
"4437",4437,"1996-02-23",1057.57832089779
"4438",4438,"1996-02-24",1160.62290207223
"4439",4439,"1996-02-25",926.810682318655
"4440",4440,"1996-02-26",680.399710990335
"4441",4441,"1996-02-27",571.502595274372
"4442",4442,"1996-02-28",537.090729878991
"4443",4443,"1996-02-29",496.862003891504
"4444",4444,"1996-03-01",442.868098162244
"4445",4445,"1996-03-02",413.203042461497
"4446",4446,"1996-03-03",395.568090846616
"4447",4447,"1996-03-04",383.411877956539
"4448",4448,"1996-03-05",372.772324990462
"4449",4449,"1996-03-06",441.538533250693
"4450",4450,"1996-03-07",492.473439032892
"4451",4451,"1996-03-08",463.011404929707
"4452",4452,"1996-03-09",400.061764945555
"4453",4453,"1996-03-10",367.30223696471
"4454",4454,"1996-03-11",349.014171587185
"4455",4455,"1996-03-12",336.757636270363
"4456",4456,"1996-03-13",327.363379474705
"4457",4457,"1996-03-14",318.633072805522
"4458",4458,"1996-03-15",375.71608723425
"4459",4459,"1996-03-16",452.395674257714
"4460",4460,"1996-03-17",617.901996977893
"4461",4461,"1996-03-18",489.631797176205
"4462",4462,"1996-03-19",599.796035107433
"4463",4463,"1996-03-20",604.178715026321
"4464",4464,"1996-03-21",513.672528217143
"4465",4465,"1996-03-22",432.253229111653
"4466",4466,"1996-03-23",391.098316834729
"4467",4467,"1996-03-24",369.163217237193
"4468",4468,"1996-03-25",355.132686235815
"4469",4469,"1996-03-26",346.634336417492
"4470",4470,"1996-03-27",343.165137981308
"4471",4471,"1996-03-28",384.905320385188
"4472",4472,"1996-03-29",641.463472868218
"4473",4473,"1996-03-30",535.840594058289
"4474",4474,"1996-03-31",448.369754201367
"4475",4475,"1996-04-01",526.473878090839
"4476",4476,"1996-04-02",476.96598019795
"4477",4477,"1996-04-03",425.790769920623
"4478",4478,"1996-04-04",395.899287022255
"4479",4479,"1996-04-05",381.432938184817
"4480",4480,"1996-04-06",371.40948888858
"4481",4481,"1996-04-07",360.251249467487
"4482",4482,"1996-04-08",350.150227272046
"4483",4483,"1996-04-09",360.784231577788
"4484",4484,"1996-04-10",374.31303141161
"4485",4485,"1996-04-11",349.136238736641
"4486",4486,"1996-04-12",333.67034050501
"4487",4487,"1996-04-13",323.149235374329
"4488",4488,"1996-04-14",313.785752377767
"4489",4489,"1996-04-15",304.860577802246
"4490",4490,"1996-04-16",307.760023615484
"4491",4491,"1996-04-17",313.047184224458
"4492",4492,"1996-04-18",297.375471713419
"4493",4493,"1996-04-19",285.291568067816
"4494",4494,"1996-04-20",276.715471916841
"4495",4495,"1996-04-21",356.230442521604
"4496",4496,"1996-04-22",385.083334946634
"4497",4497,"1996-04-23",315.645417328964
"4498",4498,"1996-04-24",279.469702307401
"4499",4499,"1996-04-25",259.242482286958
"4500",4500,"1996-04-26",249.367418262578
"4501",4501,"1996-04-27",245.499123397113
"4502",4502,"1996-04-28",238.500773405108
"4503",4503,"1996-04-29",229.97578178917
"4504",4504,"1996-04-30",506.207925894372
"4505",4505,"1996-05-01",459.171712718569
"4506",4506,"1996-05-02",329.837186281112
"4507",4507,"1996-05-03",269.161066763029
"4508",4508,"1996-05-04",238.695528730955
"4509",4509,"1996-05-05",222.19655112588
"4510",4510,"1996-05-06",212.899057388364
"4511",4511,"1996-05-07",211.225282792987
"4512",4512,"1996-05-08",232.597480187106
"4513",4513,"1996-05-09",236.274965186416
"4514",4514,"1996-05-10",218.464853855727
"4515",4515,"1996-05-11",208.049522407062
"4516",4516,"1996-05-12",223.476652011394
"4517",4517,"1996-05-13",211.875145132231
"4518",4518,"1996-05-14",200.087326917804
"4519",4519,"1996-05-15",193.939973009274
"4520",4520,"1996-05-16",287.429761136913
"4521",4521,"1996-05-17",253.39916366611
"4522",4522,"1996-05-18",211.319739892105
"4523",4523,"1996-05-19",189.681961539895
"4524",4524,"1996-05-20",177.744100554183
"4525",4525,"1996-05-21",169.975822767718
"4526",4526,"1996-05-22",169.680292474827
"4527",4527,"1996-05-23",165.770250716343
"4528",4528,"1996-05-24",159.761677093319
"4529",4529,"1996-05-25",314.730295841425
"4530",4530,"1996-05-26",289.468105998745
"4531",4531,"1996-05-27",238.242597954413
"4532",4532,"1996-05-28",997.039396312082
"4533",4533,"1996-05-29",717.964600957442
"4534",4534,"1996-05-30",484.239540737746
"4535",4535,"1996-05-31",327.51013447215
"4536",4536,"1996-06-01",255.330220378674
"4537",4537,"1996-06-02",219.711459599929
"4538",4538,"1996-06-03",201.303962706774
"4539",4539,"1996-06-04",190.61353787873
"4540",4540,"1996-06-05",188.265135857735
"4541",4541,"1996-06-06",180.964622348452
"4542",4542,"1996-06-07",174.094772374322
"4543",4543,"1996-06-08",170.884433997203
"4544",4544,"1996-06-09",965.150298691311
"4545",4545,"1996-06-10",1024.20732158392
"4546",4546,"1996-06-11",1331.90183752067
"4547",4547,"1996-06-12",715.721047976186
"4548",4548,"1996-06-13",444.779885763318
"4549",4549,"1996-06-14",319.396769045445
"4550",4550,"1996-06-15",261.985845257001
"4551",4551,"1996-06-16",244.191126951489
"4552",4552,"1996-06-17",256.077026721596
"4553",4553,"1996-06-18",236.797667281171
"4554",4554,"1996-06-19",219.443359218506
"4555",4555,"1996-06-20",211.015711511511
"4556",4556,"1996-06-21",202.558717201364
"4557",4557,"1996-06-22",195.09698958841
"4558",4558,"1996-06-23",188.859982435188
"4559",4559,"1996-06-24",183.00516467257
"4560",4560,"1996-06-25",178.349996001858
"4561",4561,"1996-06-26",173.117924964723
"4562",4562,"1996-06-27",168.032473253693
"4563",4563,"1996-06-28",163.159788032919
"4564",4564,"1996-06-29",158.518899539565
"4565",4565,"1996-06-30",154.48227919406
"4566",4566,"1996-07-01",150.107507184984
"4567",4567,"1996-07-02",149.935834489815
"4568",4568,"1996-07-03",192.220380372354
"4569",4569,"1996-07-04",181.000603385991
"4570",4570,"1996-07-05",160.353839687331
"4571",4571,"1996-07-06",149.691077695909
"4572",4572,"1996-07-07",142.058400060764
"4573",4573,"1996-07-08",136.465198890282
"4574",4574,"1996-07-09",146.71922740105
"4575",4575,"1996-07-10",145.823905610353
"4576",4576,"1996-07-11",138.693142004135
"4577",4577,"1996-07-12",132.870881531375
"4578",4578,"1996-07-13",128.643608367736
"4579",4579,"1996-07-14",124.566442710424
"4580",4580,"1996-07-15",153.643630714999
"4581",4581,"1996-07-16",190.121285504524
"4582",4582,"1996-07-17",235.678427481595
"4583",4583,"1996-07-18",189.196181258302
"4584",4584,"1996-07-19",159.140911945812
"4585",4585,"1996-07-20",147.111672254268
"4586",4586,"1996-07-21",137.333107255772
"4587",4587,"1996-07-22",130.844352276939
"4588",4588,"1996-07-23",125.996921083694
"4589",4589,"1996-07-24",122.733508038151
"4590",4590,"1996-07-25",118.884791388963
"4591",4591,"1996-07-26",142.533116442917
"4592",4592,"1996-07-27",142.003334890607
"4593",4593,"1996-07-28",129.411958069069
"4594",4594,"1996-07-29",124.65450364448
"4595",4595,"1996-07-30",121.480332972731
"4596",4596,"1996-07-31",136.380919556602
"4597",4597,"1996-08-01",592.723971816275
"4598",4598,"1996-08-02",453.798085956594
"4599",4599,"1996-08-03",296.287191397645
"4600",4600,"1996-08-04",248.828591293829
"4601",4601,"1996-08-05",326.941200465162
"4602",4602,"1996-08-06",251.593628352785
"4603",4603,"1996-08-07",217.26568115122
"4604",4604,"1996-08-08",197.698780296934
"4605",4605,"1996-08-09",246.308544962267
"4606",4606,"1996-08-10",287.331323588914
"4607",4607,"1996-08-11",227.199587968254
"4608",4608,"1996-08-12",679.787744313229
"4609",4609,"1996-08-13",2234.60669821702
"4610",4610,"1996-08-14",4152.72066843196
"4611",4611,"1996-08-15",1398.01710423488
"4612",4612,"1996-08-16",768.043911997709
"4613",4613,"1996-08-17",503.581685607182
"4614",4614,"1996-08-18",383.816513164483
"4615",4615,"1996-08-19",325.438135908484
"4616",4616,"1996-08-20",297.034628705568
"4617",4617,"1996-08-21",279.921169487142
"4618",4618,"1996-08-22",268.063001775786
"4619",4619,"1996-08-23",260.663566718184
"4620",4620,"1996-08-24",272.708307377061
"4621",4621,"1996-08-25",266.565514415296
"4622",4622,"1996-08-26",255.250492266378
"4623",4623,"1996-08-27",255.699309241866
"4624",4624,"1996-08-28",262.281789420583
"4625",4625,"1996-08-29",246.045881719439
"4626",4626,"1996-08-30",268.626477872499
"4627",4627,"1996-08-31",252.958476282663
"4628",4628,"1996-09-01",234.806869854526
"4629",4629,"1996-09-02",222.64786539177
"4630",4630,"1996-09-03",216.584047568887
"4631",4631,"1996-09-04",262.748116468898
"4632",4632,"1996-09-05",296.343996397702
"4633",4633,"1996-09-06",315.244053509433
"4634",4634,"1996-09-07",286.246745573088
"4635",4635,"1996-09-08",337.533179829785
"4636",4636,"1996-09-09",310.350606086598
"4637",4637,"1996-09-10",266.297329535484
"4638",4638,"1996-09-11",252.761003244602
"4639",4639,"1996-09-12",238.747559269522
"4640",4640,"1996-09-13",243.126106178593
"4641",4641,"1996-09-14",231.299598793587
"4642",4642,"1996-09-15",220.930731325225
"4643",4643,"1996-09-16",213.692731398107
"4644",4644,"1996-09-17",241.261176312249
"4645",4645,"1996-09-18",273.376323257474
"4646",4646,"1996-09-19",235.663234812384
"4647",4647,"1996-09-20",212.595776284098
"4648",4648,"1996-09-21",199.619014711927
"4649",4649,"1996-09-22",191.633723584482
"4650",4650,"1996-09-23",184.482088825715
"4651",4651,"1996-09-24",178.767223688128
"4652",4652,"1996-09-25",173.618785335037
"4653",4653,"1996-09-26",168.630241125995
"4654",4654,"1996-09-27",163.847915790379
"4655",4655,"1996-09-28",197.357203423599
"4656",4656,"1996-09-29",1003.74915763453
"4657",4657,"1996-09-30",716.385692391037
"4658",4658,"1996-10-01",433.457000373785
"4659",4659,"1996-10-02",302.945209859221
"4660",4660,"1996-10-03",243.293236077009
"4661",4661,"1996-10-04",213.885934645845
"4662",4662,"1996-10-05",199.227777842841
"4663",4663,"1996-10-06",190.734455779509
"4664",4664,"1996-10-07",184.541974840726
"4665",4665,"1996-10-08",198.671205859443
"4666",4666,"1996-10-09",201.031783009321
"4667",4667,"1996-10-10",191.235978826927
"4668",4668,"1996-10-11",183.310173355479
"4669",4669,"1996-10-12",176.673144828197
"4670",4670,"1996-10-13",171.331828818417
"4671",4671,"1996-10-14",166.532911195581
"4672",4672,"1996-10-15",161.91983618395
"4673",4673,"1996-10-16",157.641434184423
"4674",4674,"1996-10-17",153.771475870358
"4675",4675,"1996-10-18",149.640706471772
"4676",4676,"1996-10-19",148.366118904487
"4677",4677,"1996-10-20",152.776562795898
"4678",4678,"1996-10-21",147.202676212769
"4679",4679,"1996-10-22",141.329583404735
"4680",4680,"1996-10-23",136.669095015923
"4681",4681,"1996-10-24",132.925936819859
"4682",4682,"1996-10-25",128.73182912273
"4683",4683,"1996-10-26",125.409666505011
"4684",4684,"1996-10-27",154.936793861649
"4685",4685,"1996-10-28",157.338285272744
"4686",4686,"1996-10-29",144.279611839332
"4687",4687,"1996-10-30",134.011586694727
"4688",4688,"1996-10-31",126.944936896731
"4689",4689,"1996-11-01",122.021476684636
"4690",4690,"1996-11-02",127.020158209798
"4691",4691,"1996-11-03",125.035837816601
"4692",4692,"1996-11-04",120.508509773828
"4693",4693,"1996-11-05",116.422451876096
"4694",4694,"1996-11-06",112.778759436295
"4695",4695,"1996-11-07",110.090322304817
"4696",4696,"1996-11-08",1186.19106592637
"4697",4697,"1996-11-09",1056.31468419066
"4698",4698,"1996-11-10",689.285325698867
"4699",4699,"1996-11-11",443.767276527992
"4700",4700,"1996-11-12",327.358861735051
"4701",4701,"1996-11-13",274.638665011663
"4702",4702,"1996-11-14",250.235399581033
"4703",4703,"1996-11-15",234.637857094032
"4704",4704,"1996-11-16",225.755108121144
"4705",4705,"1996-11-17",219.267726745302
"4706",4706,"1996-11-18",218.581812079305
"4707",4707,"1996-11-19",304.076592117659
"4708",4708,"1996-11-20",351.036475569245
"4709",4709,"1996-11-21",285.535318191473
"4710",4710,"1996-11-22",280.400137060898
"4711",4711,"1996-11-23",327.319374720194
"4712",4712,"1996-11-24",280.439966657231
"4713",4713,"1996-11-25",251.474273773039
"4714",4714,"1996-11-26",1061.97761175808
"4715",4715,"1996-11-27",629.791079050104
"4716",4716,"1996-11-28",416.047332556185
"4717",4717,"1996-11-29",316.889639220339
"4718",4718,"1996-11-30",272.449011717709
"4719",4719,"1996-12-01",1020.77013084515
"4720",4720,"1996-12-02",1665.40437703058
"4721",4721,"1996-12-03",1225.18716914057
"4722",4722,"1996-12-04",747.221357517406
"4723",4723,"1996-12-05",538.426775151493
"4724",4724,"1996-12-06",455.575537907601
"4725",4725,"1996-12-07",423.792417047315
"4726",4726,"1996-12-08",400.379384912218
"4727",4727,"1996-12-09",473.371816962895
"4728",4728,"1996-12-10",506.478624450012
"4729",4729,"1996-12-11",425.540648084003
"4730",4730,"1996-12-12",384.710490140125
"4731",4731,"1996-12-13",688.590163097589
"4732",4732,"1996-12-14",574.772929978242
"4733",4733,"1996-12-15",474.844432000691
"4734",4734,"1996-12-16",407.272550996763
"4735",4735,"1996-12-17",374.016426688424
"4736",4736,"1996-12-18",355.152553339784
"4737",4737,"1996-12-19",351.116457630459
"4738",4738,"1996-12-20",342.987440692156
"4739",4739,"1996-12-21",331.680647960345
"4740",4740,"1996-12-22",322.243215159891
"4741",4741,"1996-12-23",313.623691122286
"4742",4742,"1996-12-24",385.964796480668
"4743",4743,"1996-12-25",467.209926356837
"4744",4744,"1996-12-26",386.188390864749
"4745",4745,"1996-12-27",342.128306193717
"4746",4746,"1996-12-28",326.291364090518
"4747",4747,"1996-12-29",350.972380566452
"4748",4748,"1996-12-30",348.782475340248
"4749",4749,"1996-12-31",359.089497348553
"4750",4750,"1997-01-01",351.201720740165
"4751",4751,"1997-01-02",324.768599762899
"4752",4752,"1997-01-03",308.313012332762
"4753",4753,"1997-01-04",296.625016008083
"4754",4754,"1997-01-05",326.648315234019
"4755",4755,"1997-01-06",328.002087119074
"4756",4756,"1997-01-07",303.563131051097
"4757",4757,"1997-01-08",287.521410429175
"4758",4758,"1997-01-09",282.960338882342
"4759",4759,"1997-01-10",268.895307884404
"4760",4760,"1997-01-11",263.247890913911
"4761",4761,"1997-01-12",254.265541078088
"4762",4762,"1997-01-13",246.775509731421
"4763",4763,"1997-01-14",239.954794310193
"4764",4764,"1997-01-15",233.56355485875
"4765",4765,"1997-01-16",232.116758717191
"4766",4766,"1997-01-17",221.402200070273
"4767",4767,"1997-01-18",215.040866191935
"4768",4768,"1997-01-19",209.170764405046
"4769",4769,"1997-01-20",203.48059074545
"4770",4770,"1997-01-21",200.774533814239
"4771",4771,"1997-01-22",211.464940189772
"4772",4772,"1997-01-23",418.467430905832
"4773",4773,"1997-01-24",434.105078768516
"4774",4774,"1997-01-25",343.497697575766
"4775",4775,"1997-01-26",302.333903741719
"4776",4776,"1997-01-27",258.886586869156
"4777",4777,"1997-01-28",252.325285636942
"4778",4778,"1997-01-29",260.821964192077
"4779",4779,"1997-01-30",239.115111532531
"4780",4780,"1997-01-31",239.38149628407
"4781",4781,"1997-02-01",402.10318028525
"4782",4782,"1997-02-02",543.832969085
"4783",4783,"1997-02-03",532.74558968034
"4784",4784,"1997-02-04",625.286421168903
"4785",4785,"1997-02-05",898.691315267767
"4786",4786,"1997-02-06",626.496807454991
"4787",4787,"1997-02-07",425.249122742509
"4788",4788,"1997-02-08",399.631879440916
"4789",4789,"1997-02-09",393.516892801703
"4790",4790,"1997-02-10",320.203821227366
"4791",4791,"1997-02-11",271.825319880768
"4792",4792,"1997-02-12",245.496827975178
"4793",4793,"1997-02-13",231.228370684827
"4794",4794,"1997-02-14",227.737675223181
"4795",4795,"1997-02-15",238.322379004244
"4796",4796,"1997-02-16",271.204398592741
"4797",4797,"1997-02-17",283.746596898015
"4798",4798,"1997-02-18",461.342100934369
"4799",4799,"1997-02-19",1024.84126439639
"4800",4800,"1997-02-20",1161.13942776832
"4801",4801,"1997-02-21",876.635318591549
"4802",4802,"1997-02-22",2661.91088974659
"4803",4803,"1997-02-23",1259.758930495
"4804",4804,"1997-02-24",691.415393915093
"4805",4805,"1997-02-25",455.396387659572
"4806",4806,"1997-02-26",345.571871620036
"4807",4807,"1997-02-27",297.815467833492
"4808",4808,"1997-02-28",514.764215391002
"4809",4809,"1997-03-01",778.008151266048
"4810",4810,"1997-03-02",618.332492272517
"4811",4811,"1997-03-03",489.920026173019
"4812",4812,"1997-03-04",847.658888462758
"4813",4813,"1997-03-05",814.655430521888
"4814",4814,"1997-03-06",914.003539515711
"4815",4815,"1997-03-07",624.638072490243
"4816",4816,"1997-03-08",462.329903187045
"4817",4817,"1997-03-09",383.669237765861
"4818",4818,"1997-03-10",368.845782904819
"4819",4819,"1997-03-11",350.638828468838
"4820",4820,"1997-03-12",327.951848087525
"4821",4821,"1997-03-13",313.692997144775
"4822",4822,"1997-03-14",786.240946494215
"4823",4823,"1997-03-15",981.164317655752
"4824",4824,"1997-03-16",883.600392855721
"4825",4825,"1997-03-17",598.930555919383
"4826",4826,"1997-03-18",471.4006317838
"4827",4827,"1997-03-19",654.855470263675
"4828",4828,"1997-03-20",866.835999659332
"4829",4829,"1997-03-21",720.653444820606
"4830",4830,"1997-03-22",551.489109291074
"4831",4831,"1997-03-23",473.59303238457
"4832",4832,"1997-03-24",432.30097362572
"4833",4833,"1997-03-25",409.114259384838
"4834",4834,"1997-03-26",586.019690587446
"4835",4835,"1997-03-27",530.788800183262
"4836",4836,"1997-03-28",451.029282215565
"4837",4837,"1997-03-29",437.570222996186
"4838",4838,"1997-03-30",420.439515367605
"4839",4839,"1997-03-31",404.767965400007
"4840",4840,"1997-04-01",384.564843654663
"4841",4841,"1997-04-02",368.740267910891
"4842",4842,"1997-04-03",356.494685622143
"4843",4843,"1997-04-04",345.81155790559
"4844",4844,"1997-04-05",335.722061572769
"4845",4845,"1997-04-06",326.618138771984
"4846",4846,"1997-04-07",394.231867703996
"4847",4847,"1997-04-08",465.197462655867
"4848",4848,"1997-04-09",380.271083114982
"4849",4849,"1997-04-10",334.314819752362
"4850",4850,"1997-04-11",310.709496911797
"4851",4851,"1997-04-12",300.116723080815
"4852",4852,"1997-04-13",581.163690622286
"4853",4853,"1997-04-14",457.201323669584
"4854",4854,"1997-04-15",351.553562907371
"4855",4855,"1997-04-16",303.23107622864
"4856",4856,"1997-04-17",277.691824234446
"4857",4857,"1997-04-18",262.749620651143
"4858",4858,"1997-04-19",252.597751499584
"4859",4859,"1997-04-20",244.14618167344
"4860",4860,"1997-04-21",236.617438267011
"4861",4861,"1997-04-22",239.765869272367
"4862",4862,"1997-04-23",809.160503902214
"4863",4863,"1997-04-24",648.588537824418
"4864",4864,"1997-04-25",500.300576602439
"4865",4865,"1997-04-26",378.416951346194
"4866",4866,"1997-04-27",320.549672478944
"4867",4867,"1997-04-28",298.185794325836
"4868",4868,"1997-04-29",2025.99860369524
"4869",4869,"1997-04-30",1236.56283295
"4870",4870,"1997-05-01",701.994336630264
"4871",4871,"1997-05-02",475.028024917908
"4872",4872,"1997-05-03",373.819982655211
"4873",4873,"1997-05-04",372.49915984819
"4874",4874,"1997-05-05",349.516495150967
"4875",4875,"1997-05-06",309.751593375557
"4876",4876,"1997-05-07",286.998863063272
"4877",4877,"1997-05-08",273.148129357852
"4878",4878,"1997-05-09",263.488509908414
"4879",4879,"1997-05-10",255.629545435741
"4880",4880,"1997-05-11",247.572633806361
"4881",4881,"1997-05-12",240.140562405515
"4882",4882,"1997-05-13",233.631463582398
"4883",4883,"1997-05-14",227.136623862459
"4884",4884,"1997-05-15",222.074698196983
"4885",4885,"1997-05-16",215.303752579078
"4886",4886,"1997-05-17",208.804142935151
"4887",4887,"1997-05-18",202.612327496808
"4888",4888,"1997-05-19",196.670512743755
"4889",4889,"1997-05-20",269.494253389984
"4890",4890,"1997-05-21",279.796743289877
"4891",4891,"1997-05-22",236.211998156452
"4892",4892,"1997-05-23",211.98978020469
"4893",4893,"1997-05-24",198.579119454393
"4894",4894,"1997-05-25",189.807094175961
"4895",4895,"1997-05-26",185.74449465953
"4896",4896,"1997-05-27",1407.10867237292
"4897",4897,"1997-05-28",618.518699043546
"4898",4898,"1997-05-29",375.911173495315
"4899",4899,"1997-05-30",267.901581921562
"4900",4900,"1997-05-31",229.779814597105
"4901",4901,"1997-06-01",1498.10384178122
"4902",4902,"1997-06-02",1134.46775452833
"4903",4903,"1997-06-03",805.14551736268
"4904",4904,"1997-06-04",898.035523470852
"4905",4905,"1997-06-05",582.203433066802
"4906",4906,"1997-06-06",407.878278556828
"4907",4907,"1997-06-07",325.476473876332
"4908",4908,"1997-06-08",287.237693474927
"4909",4909,"1997-06-09",265.655621996631
"4910",4910,"1997-06-10",252.687870897084
"4911",4911,"1997-06-11",243.008139066432
"4912",4912,"1997-06-12",234.989584764912
"4913",4913,"1997-06-13",238.854779305828
"4914",4914,"1997-06-14",268.542386850235
"4915",4915,"1997-06-15",294.657989853821
"4916",4916,"1997-06-16",258.536747707024
"4917",4917,"1997-06-17",233.980933593452
"4918",4918,"1997-06-18",220.240513392216
"4919",4919,"1997-06-19",210.832415800741
"4920",4920,"1997-06-20",203.265683461279
"4921",4921,"1997-06-21",197.262662380675
"4922",4922,"1997-06-22",190.979715530414
"4923",4923,"1997-06-23",185.324216057076
"4924",4924,"1997-06-24",179.917673391255
"4925",4925,"1997-06-25",177.291336455252
"4926",4926,"1997-06-26",181.162689648156
"4927",4927,"1997-06-27",177.589119164633
"4928",4928,"1997-06-28",176.576794027411
"4929",4929,"1997-06-29",167.273053055764
"4930",4930,"1997-06-30",160.209747447897
"4931",4931,"1997-07-01",155.937402208207
"4932",4932,"1997-07-02",160.113760706101
"4933",4933,"1997-07-03",170.426108129594
"4934",4934,"1997-07-04",169.107283487645
"4935",4935,"1997-07-05",157.476888746882
"4936",4936,"1997-07-06",150.293452847923
"4937",4937,"1997-07-07",144.390495606811
"4938",4938,"1997-07-08",139.450590757843
"4939",4939,"1997-07-09",135.105594448454
"4940",4940,"1997-07-10",133.474284024486
"4941",4941,"1997-07-11",144.60951432245
"4942",4942,"1997-07-12",144.061702089427
"4943",4943,"1997-07-13",137.202520490684
"4944",4944,"1997-07-14",131.231529996674
"4945",4945,"1997-07-15",126.392123276652
"4946",4946,"1997-07-16",122.480845956102
"4947",4947,"1997-07-17",124.629087915467
"4948",4948,"1997-07-18",124.534964942946
"4949",4949,"1997-07-19",119.867773709327
"4950",4950,"1997-07-20",115.784601587877
"4951",4951,"1997-07-21",113.279991564229
"4952",4952,"1997-07-22",117.40178239892
"4953",4953,"1997-07-23",178.16428956616
"4954",4954,"1997-07-24",212.740609044022
"4955",4955,"1997-07-25",184.792329501666
"4956",4956,"1997-07-26",162.013578021344
"4957",4957,"1997-07-27",162.704669070764
"4958",4958,"1997-07-28",159.41213075138
"4959",4959,"1997-07-29",151.966876845568
"4960",4960,"1997-07-30",161.280716735975
"4961",4961,"1997-07-31",180.959074696451
"4962",4962,"1997-08-01",179.724064894083
"4963",4963,"1997-08-02",166.545405714259
"4964",4964,"1997-08-03",157.969611861816
"4965",4965,"1997-08-04",152.360505886236
"4966",4966,"1997-08-05",148.183083343888
"4967",4967,"1997-08-06",143.379315684929
"4968",4968,"1997-08-07",138.916802938259
"4969",4969,"1997-08-08",134.825498925767
"4970",4970,"1997-08-09",130.905564604076
"4971",4971,"1997-08-10",127.210400736828
"4972",4972,"1997-08-11",123.492001930051
"4973",4973,"1997-08-12",120.359850719125
"4974",4974,"1997-08-13",118.256900627412
"4975",4975,"1997-08-14",114.666050303965
"4976",4976,"1997-08-15",111.020376916395
"4977",4977,"1997-08-16",107.561805897072
"4978",4978,"1997-08-17",104.37936228852
"4979",4979,"1997-08-18",101.841736399835
"4980",4980,"1997-08-19",98.8957754283018
"4981",4981,"1997-08-20",102.2242081895
"4982",4982,"1997-08-21",104.967125506165
"4983",4983,"1997-08-22",102.063067235419
"4984",4984,"1997-08-23",99.0351678431286
"4985",4985,"1997-08-24",96.1328474612404
"4986",4986,"1997-08-25",93.2834520908439
"4987",4987,"1997-08-26",90.6120585617595
"4988",4988,"1997-08-27",87.9808062344646
"4989",4989,"1997-08-28",85.3673720714088
"4990",4990,"1997-08-29",83.4953284439864
"4991",4991,"1997-08-30",80.7724236784284
"4992",4992,"1997-08-31",78.421086618993
"4993",4993,"1997-09-01",76.2354442861079
"4994",4994,"1997-09-02",73.9657193858393
"4995",4995,"1997-09-03",75.7140185657388
"4996",4996,"1997-09-04",76.0510308623067
"4997",4997,"1997-09-05",73.7242317620115
"4998",4998,"1997-09-06",71.4366824659999
"4999",4999,"1997-09-07",69.2609008380092
"5000",5000,"1997-09-08",67.1917640976525
"5001",5001,"1997-09-09",65.2119639750279
"5002",5002,"1997-09-10",65.5869454261577
"5003",5003,"1997-09-11",94.7797043682259
"5004",5004,"1997-09-12",161.514527459311
"5005",5005,"1997-09-13",153.828789020334
"5006",5006,"1997-09-14",123.478632464836
"5007",5007,"1997-09-15",104.316907814894
"5008",5008,"1997-09-16",93.8404335485958
"5009",5009,"1997-09-17",87.8558946504202
"5010",5010,"1997-09-18",84.709033227852
"5011",5011,"1997-09-19",81.053624859513
"5012",5012,"1997-09-20",78.4666432196964
"5013",5013,"1997-09-21",76.8679366403677
"5014",5014,"1997-09-22",74.2349606316416
"5015",5015,"1997-09-23",72.0986047874259
"5016",5016,"1997-09-24",99.5701043467221
"5017",5017,"1997-09-25",235.970397649633
"5018",5018,"1997-09-26",196.817605886007
"5019",5019,"1997-09-27",154.048622621095
"5020",5020,"1997-09-28",133.465254897682
"5021",5021,"1997-09-29",214.303499871921
"5022",5022,"1997-09-30",206.591695797377
"5023",5023,"1997-10-01",164.368450874534
"5024",5024,"1997-10-02",144.531634385542
"5025",5025,"1997-10-03",132.485541601189
"5026",5026,"1997-10-04",124.787249403912
"5027",5027,"1997-10-05",119.452189360435
"5028",5028,"1997-10-06",115.278753206057
"5029",5029,"1997-10-07",111.656558779886
"5030",5030,"1997-10-08",108.342059445108
"5031",5031,"1997-10-09",105.214042716166
"5032",5032,"1997-10-10",102.207650967095
"5033",5033,"1997-10-11",99.3234732716603
"5034",5034,"1997-10-12",96.5505280810594
"5035",5035,"1997-10-13",93.8611110858919
"5036",5036,"1997-10-14",91.1938897706493
"5037",5037,"1997-10-15",88.9668282079212
"5038",5038,"1997-10-16",86.3897558494895
"5039",5039,"1997-10-17",84.0799553445997
"5040",5040,"1997-10-18",81.8503733653302
"5041",5041,"1997-10-19",120.714774839035
"5042",5042,"1997-10-20",135.42883033133
"5043",5043,"1997-10-21",122.944404139419
"5044",5044,"1997-10-22",113.181084873712
"5045",5045,"1997-10-23",106.683500524083
"5046",5046,"1997-10-24",102.155200250709
"5047",5047,"1997-10-25",113.066112296738
"5048",5048,"1997-10-26",126.830358492644
"5049",5049,"1997-10-27",152.362289175331
"5050",5050,"1997-10-28",238.918715647266
"5051",5051,"1997-10-29",196.874421927321
"5052",5052,"1997-10-30",164.862619133757
"5053",5053,"1997-10-31",149.825249441284
"5054",5054,"1997-11-01",152.772239765539
"5055",5055,"1997-11-02",280.566771816903
"5056",5056,"1997-11-03",273.636910290179
"5057",5057,"1997-11-04",220.809385991664
"5058",5058,"1997-11-05",192.553460367989
"5059",5059,"1997-11-06",177.83548636877
"5060",5060,"1997-11-07",168.973912914049
"5061",5061,"1997-11-08",163.234258490072
"5062",5062,"1997-11-09",165.358671918809
"5063",5063,"1997-11-10",171.659692954354
"5064",5064,"1997-11-11",161.587250624892
"5065",5065,"1997-11-12",154.571169583664
"5066",5066,"1997-11-13",149.813819168727
"5067",5067,"1997-11-14",154.967185098825
"5068",5068,"1997-11-15",163.246980841817
"5069",5069,"1997-11-16",170.63759433817
"5070",5070,"1997-11-17",163.456431224046
"5071",5071,"1997-11-18",157.404412169381
"5072",5072,"1997-11-19",152.871286397691
"5073",5073,"1997-11-20",148.412613891061
"5074",5074,"1997-11-21",144.172157516622
"5075",5075,"1997-11-22",168.088989214809
"5076",5076,"1997-11-23",186.599515306499
"5077",5077,"1997-11-24",178.160508767411
"5078",5078,"1997-11-25",168.38920095038
"5079",5079,"1997-11-26",160.802746555795
"5080",5080,"1997-11-27",155.505584735625
"5081",5081,"1997-11-28",151.179706489292
"5082",5082,"1997-11-29",148.389291176057
"5083",5083,"1997-11-30",152.22274921099
"5084",5084,"1997-12-01",219.55093509588
"5085",5085,"1997-12-02",218.652172970408
"5086",5086,"1997-12-03",187.698769724528
"5087",5087,"1997-12-04",261.299335623527
"5088",5088,"1997-12-05",228.761984712493
"5089",5089,"1997-12-06",190.922115862331
"5090",5090,"1997-12-07",172.907472348914
"5091",5091,"1997-12-08",161.450457916951
"5092",5092,"1997-12-09",155.694177124064
"5093",5093,"1997-12-10",151.665995324139
"5094",5094,"1997-12-11",148.317326227227
"5095",5095,"1997-12-12",150.09512398638
"5096",5096,"1997-12-13",150.847001946822
"5097",5097,"1997-12-14",147.446202788778
"5098",5098,"1997-12-15",143.307476979516
"5099",5099,"1997-12-16",139.33571055939
"5100",5100,"1997-12-17",135.849435028999
"5101",5101,"1997-12-18",133.13594390329
"5102",5102,"1997-12-19",130.012465685681
"5103",5103,"1997-12-20",127.604574529938
"5104",5104,"1997-12-21",126.76375717486
"5105",5105,"1997-12-22",137.296872924732
"5106",5106,"1997-12-23",147.715985373814
"5107",5107,"1997-12-24",165.025560715237
"5108",5108,"1997-12-25",717.601800165908
"5109",5109,"1997-12-26",458.604090302032
"5110",5110,"1997-12-27",311.532012803109
"5111",5111,"1997-12-28",252.031128190791
"5112",5112,"1997-12-29",215.468430209205
"5113",5113,"1997-12-30",199.603167230616
"5114",5114,"1997-12-31",186.422301261416
"5115",5115,"1998-01-01",181.606320610632
"5116",5116,"1998-01-02",175.289086673534
"5117",5117,"1998-01-03",171.219338825294
"5118",5118,"1998-01-04",182.400538213234
"5119",5119,"1998-01-05",215.087533704457
"5120",5120,"1998-01-06",284.009787247442
"5121",5121,"1998-01-07",378.907269130787
"5122",5122,"1998-01-08",4053.32976740693
"5123",5123,"1998-01-09",5987.28976491524
"5124",5124,"1998-01-10",1431.48002246953
"5125",5125,"1998-01-11",771.82249896678
"5126",5126,"1998-01-12",498.462622241846
"5127",5127,"1998-01-13",414.333494783903
"5128",5128,"1998-01-14",357.453329830124
"5129",5129,"1998-01-15",321.724569945736
"5130",5130,"1998-01-16",561.917008967632
"5131",5131,"1998-01-17",687.819065232356
"5132",5132,"1998-01-18",499.539416070442
"5133",5133,"1998-01-19",416.095698304829
"5134",5134,"1998-01-20",377.211270349883
"5135",5135,"1998-01-21",343.397713949244
"5136",5136,"1998-01-22",327.612640748672
"5137",5137,"1998-01-23",374.845560477445
"5138",5138,"1998-01-24",922.821421202795
"5139",5139,"1998-01-25",618.455320159559
"5140",5140,"1998-01-26",480.93854925194
"5141",5141,"1998-01-27",421.85910045659
"5142",5142,"1998-01-28",444.189767163157
"5143",5143,"1998-01-29",490.203350834925
"5144",5144,"1998-01-30",532.508336303061
"5145",5145,"1998-01-31",443.166162348061
"5146",5146,"1998-02-01",386.778818166364
"5147",5147,"1998-02-02",358.094578022423
"5148",5148,"1998-02-03",407.338865292274
"5149",5149,"1998-02-04",834.377096881414
"5150",5150,"1998-02-05",943.204974082849
"5151",5151,"1998-02-06",623.295653437694
"5152",5152,"1998-02-07",480.809299588153
"5153",5153,"1998-02-08",416.50995947247
"5154",5154,"1998-02-09",418.024899178666
"5155",5155,"1998-02-10",438.363832623802
"5156",5156,"1998-02-11",439.113049742069
"5157",5157,"1998-02-12",965.34215656941
"5158",5158,"1998-02-13",831.799380096723
"5159",5159,"1998-02-14",614.531820772178
"5160",5160,"1998-02-15",513.839044544319
"5161",5161,"1998-02-16",471.884245155627
"5162",5162,"1998-02-17",1578.32932793117
"5163",5163,"1998-02-18",2398.86026637227
"5164",5164,"1998-02-19",2064.85219004063
"5165",5165,"1998-02-20",1340.50033774396
"5166",5166,"1998-02-21",953.570590631978
"5167",5167,"1998-02-22",744.890077562315
"5168",5168,"1998-02-23",806.480974171459
"5169",5169,"1998-02-24",931.148248718966
"5170",5170,"1998-02-25",893.981722323988
"5171",5171,"1998-02-26",798.907462298348
"5172",5172,"1998-02-27",753.70397234718
"5173",5173,"1998-02-28",779.130010616523
"5174",5174,"1998-03-01",777.717868292875
"5175",5175,"1998-03-02",694.245136674329
"5176",5176,"1998-03-03",647.891421223098
"5177",5177,"1998-03-04",621.062705054699
"5178",5178,"1998-03-05",593.481259942378
"5179",5179,"1998-03-06",575.914231470321
"5180",5180,"1998-03-07",564.361203676544
"5181",5181,"1998-03-08",709.851375084163
"5182",5182,"1998-03-09",1259.3480135679
"5183",5183,"1998-03-10",993.9521816672
"5184",5184,"1998-03-11",767.581783198419
"5185",5185,"1998-03-12",658.189324161208
"5186",5186,"1998-03-13",602.689008223058
"5187",5187,"1998-03-14",571.811677828308
"5188",5188,"1998-03-15",551.32344878738
"5189",5189,"1998-03-16",535.147179908167
"5190",5190,"1998-03-17",593.246870435327
"5191",5191,"1998-03-18",763.279810534558
"5192",5192,"1998-03-19",1527.10659078867
"5193",5193,"1998-03-20",1290.78889976817
"5194",5194,"1998-03-21",4207.35600017322
"5195",5195,"1998-03-22",1857.99843524457
"5196",5196,"1998-03-23",1165.63390797987
"5197",5197,"1998-03-24",814.771250134713
"5198",5198,"1998-03-25",658.611466769893
"5199",5199,"1998-03-26",589.459309444906
"5200",5200,"1998-03-27",561.226242198427
"5201",5201,"1998-03-28",545.219743792292
"5202",5202,"1998-03-29",528.059683359305
"5203",5203,"1998-03-30",512.074938952553
"5204",5204,"1998-03-31",497.702515368463
"5205",5205,"1998-04-01",579.127013191973
"5206",5206,"1998-04-02",577.788894734351
"5207",5207,"1998-04-03",516.553609898656
"5208",5208,"1998-04-04",766.002111071092
"5209",5209,"1998-04-05",704.202923462152
"5210",5210,"1998-04-06",567.73869806793
"5211",5211,"1998-04-07",503.708660066132
"5212",5212,"1998-04-08",468.885316605783
"5213",5213,"1998-04-09",1039.44538735325
"5214",5214,"1998-04-10",762.768481388573
"5215",5215,"1998-04-11",584.488911012861
"5216",5216,"1998-04-12",499.822873479519
"5217",5217,"1998-04-13",450.770201885938
"5218",5218,"1998-04-14",423.382019765145
"5219",5219,"1998-04-15",407.259786395824
"5220",5220,"1998-04-16",587.790575511195
"5221",5221,"1998-04-17",3404.52470966977
"5222",5222,"1998-04-18",1396.28366389506
"5223",5223,"1998-04-19",889.195735979702
"5224",5224,"1998-04-20",4121.77967949179
"5225",5225,"1998-04-21",1973.07404832341
"5226",5226,"1998-04-22",1056.43143232785
"5227",5227,"1998-04-23",686.826253727619
"5228",5228,"1998-04-24",523.623818107337
"5229",5229,"1998-04-25",448.042975940315
"5230",5230,"1998-04-26",408.331345055125
"5231",5231,"1998-04-27",385.329981459289
"5232",5232,"1998-04-28",406.167635337908
"5233",5233,"1998-04-29",393.05650297523
"5234",5234,"1998-04-30",366.36331667727
"5235",5235,"1998-05-01",402.493238260639
"5236",5236,"1998-05-02",490.37020757566
"5237",5237,"1998-05-03",489.758540827502
"5238",5238,"1998-05-04",1020.95473597845
"5239",5239,"1998-05-05",1085.32444157315
"5240",5240,"1998-05-06",693.795299264833
"5241",5241,"1998-05-07",499.752557711362
"5242",5242,"1998-05-08",800.710934812393
"5243",5243,"1998-05-09",1310.05845961378
"5244",5244,"1998-05-10",927.925868010551
"5245",5245,"1998-05-11",2199.03481130635
"5246",5246,"1998-05-12",1163.58624051562
"5247",5247,"1998-05-13",717.096919769603
"5248",5248,"1998-05-14",523.185058608081
"5249",5249,"1998-05-15",433.971923070896
"5250",5250,"1998-05-16",388.187877660056
"5251",5251,"1998-05-17",363.271620290258
"5252",5252,"1998-05-18",347.426724750968
"5253",5253,"1998-05-19",335.268857688964
"5254",5254,"1998-05-20",325.174709255985
"5255",5255,"1998-05-21",419.693740752032
"5256",5256,"1998-05-22",393.555493289307
"5257",5257,"1998-05-23",340.471175260177
"5258",5258,"1998-05-24",425.632904342915
"5259",5259,"1998-05-25",432.905041720104
"5260",5260,"1998-05-26",472.874339149818
"5261",5261,"1998-05-27",477.000346741505
"5262",5262,"1998-05-28",441.083019525777
"5263",5263,"1998-05-29",381.25531107571
"5264",5264,"1998-05-30",332.506824809911
"5265",5265,"1998-05-31",307.257778953838
"5266",5266,"1998-06-01",303.891100154603
"5267",5267,"1998-06-02",289.548580227785
"5268",5268,"1998-06-03",276.522920557034
"5269",5269,"1998-06-04",302.132970908037
"5270",5270,"1998-06-05",421.444120094723
"5271",5271,"1998-06-06",767.700541802354
"5272",5272,"1998-06-07",530.294408880559
"5273",5273,"1998-06-08",389.245255362065
"5274",5274,"1998-06-09",321.397661760848
"5275",5275,"1998-06-10",910.796350518591
"5276",5276,"1998-06-11",933.912004790408
"5277",5277,"1998-06-12",788.0041470558
"5278",5278,"1998-06-13",565.122687480421
"5279",5279,"1998-06-14",447.187487930537
"5280",5280,"1998-06-15",420.031320034808
"5281",5281,"1998-06-16",364.364588754132
"5282",5282,"1998-06-17",316.532995669125
"5283",5283,"1998-06-18",290.462632125033
"5284",5284,"1998-06-19",274.273663833673
"5285",5285,"1998-06-20",263.910113915494
"5286",5286,"1998-06-21",254.624052920953
"5287",5287,"1998-06-22",250.464266594017
"5288",5288,"1998-06-23",512.011825764575
"5289",5289,"1998-06-24",397.507256883708
"5290",5290,"1998-06-25",306.903939327395
"5291",5291,"1998-06-26",262.646670102659
"5292",5292,"1998-06-27",239.501850072393
"5293",5293,"1998-06-28",226.226267559737
"5294",5294,"1998-06-29",217.172759593534
"5295",5295,"1998-06-30",215.601211109078
"5296",5296,"1998-07-01",242.557244015403
"5297",5297,"1998-07-02",267.926055246493
"5298",5298,"1998-07-03",241.396417950415
"5299",5299,"1998-07-04",223.269844573412
"5300",5300,"1998-07-05",214.544319877807
"5301",5301,"1998-07-06",214.556851856093
"5302",5302,"1998-07-07",205.255858745846
"5303",5303,"1998-07-08",197.413534254592
"5304",5304,"1998-07-09",191.538073323742
"5305",5305,"1998-07-10",186.019868910345
"5306",5306,"1998-07-11",180.130915966408
"5307",5307,"1998-07-12",174.905448861556
"5308",5308,"1998-07-13",170.767305213929
"5309",5309,"1998-07-14",165.30766791467
"5310",5310,"1998-07-15",160.544349725371
"5311",5311,"1998-07-16",156.273185194379
"5312",5312,"1998-07-17",152.11810355222
"5313",5313,"1998-07-18",147.896769828757
"5314",5314,"1998-07-19",143.738980255224
"5315",5315,"1998-07-20",139.823696823692
"5316",5316,"1998-07-21",135.730037393392
"5317",5317,"1998-07-22",131.723739718352
"5318",5318,"1998-07-23",129.175973579296
"5319",5319,"1998-07-24",126.331629992489
"5320",5320,"1998-07-25",123.038052635336
"5321",5321,"1998-07-26",123.419408456388
"5322",5322,"1998-07-27",140.314285245131
"5323",5323,"1998-07-28",140.228429235033
"5324",5324,"1998-07-29",130.440222193912
"5325",5325,"1998-07-30",123.258898482433
"5326",5326,"1998-07-31",119.321236620522
"5327",5327,"1998-08-01",116.577105259638
"5328",5328,"1998-08-02",113.076595476461
"5329",5329,"1998-08-03",109.440930650842
"5330",5330,"1998-08-04",106.221699246801
"5331",5331,"1998-08-05",103.136986258406
"5332",5332,"1998-08-06",100.119360387991
"5333",5333,"1998-08-07",97.2374968190866
"5334",5334,"1998-08-08",94.6207378410408
"5335",5335,"1998-08-09",91.981328091686
"5336",5336,"1998-08-10",94.9793404692583
"5337",5337,"1998-08-11",96.1805273310142
"5338",5338,"1998-08-12",94.4083075595911
"5339",5339,"1998-08-13",90.9079138911161
"5340",5340,"1998-08-14",89.8990084631967
"5341",5341,"1998-08-15",92.9006199478152
"5342",5342,"1998-08-16",157.318620964909
"5343",5343,"1998-08-17",275.289563061175
"5344",5344,"1998-08-18",247.110808112272
"5345",5345,"1998-08-19",200.721055560132
"5346",5346,"1998-08-20",175.82105213108
"5347",5347,"1998-08-21",162.959373129996
"5348",5348,"1998-08-22",155.58159562463
"5349",5349,"1998-08-23",150.135206624131
"5350",5350,"1998-08-24",145.180040438407
"5351",5351,"1998-08-25",140.847922570865
"5352",5352,"1998-08-26",136.685782641122
"5353",5353,"1998-08-27",132.712324791128
"5354",5354,"1998-08-28",128.965318086686
"5355",5355,"1998-08-29",125.300336428976
"5356",5356,"1998-08-30",121.770537961352
"5357",5357,"1998-08-31",118.322402014136
"5358",5358,"1998-09-01",115.037592761404
"5359",5359,"1998-09-02",111.856030497268
"5360",5360,"1998-09-03",108.709367398873
"5361",5361,"1998-09-04",105.682408489787
"5362",5362,"1998-09-05",102.652284410192
"5363",5363,"1998-09-06",99.6624008633696
"5364",5364,"1998-09-07",96.8122102501973
"5365",5365,"1998-09-08",99.658996949619
"5366",5366,"1998-09-09",108.148788286076
"5367",5367,"1998-09-10",112.812158014501
"5368",5368,"1998-09-11",107.433208146423
"5369",5369,"1998-09-12",102.629385795428
"5370",5370,"1998-09-13",98.7894555771327
"5371",5371,"1998-09-14",95.5214432277981
"5372",5372,"1998-09-15",92.6024559974321
"5373",5373,"1998-09-16",89.8970659682457
"5374",5374,"1998-09-17",87.3323519227348
"5375",5375,"1998-09-18",84.8857959678449
"5376",5376,"1998-09-19",82.9665773434825
"5377",5377,"1998-09-20",80.3458429985584
"5378",5378,"1998-09-21",77.9989498485612
"5379",5379,"1998-09-22",81.050439487032
"5380",5380,"1998-09-23",88.3149935219981
"5381",5381,"1998-09-24",84.8849211423081
"5382",5382,"1998-09-25",81.3491748804595
"5383",5383,"1998-09-26",78.3875856142186
"5384",5384,"1998-09-27",75.8092610007507
"5385",5385,"1998-09-28",73.5046799401867
"5386",5386,"1998-09-29",71.3395191799264
"5387",5387,"1998-09-30",77.2038892283183
"5388",5388,"1998-10-01",77.7661584046913
"5389",5389,"1998-10-02",75.0177201669599
"5390",5390,"1998-10-03",72.509231924373
"5391",5391,"1998-10-04",70.4502186355428
"5392",5392,"1998-10-05",68.8366778245313
"5393",5393,"1998-10-06",66.6795139343499
"5394",5394,"1998-10-07",65.72054313707
"5395",5395,"1998-10-08",119.59346442559
"5396",5396,"1998-10-09",133.242360952815
"5397",5397,"1998-10-10",120.979891736611
"5398",5398,"1998-10-11",111.737768734787
"5399",5399,"1998-10-12",105.790025083689
"5400",5400,"1998-10-13",101.589323552742
"5401",5401,"1998-10-14",98.2515111224672
"5402",5402,"1998-10-15",95.3313543103696
"5403",5403,"1998-10-16",92.5587685303396
"5404",5404,"1998-10-17",89.9292606057398
"5405",5405,"1998-10-18",87.3327848811877
"5406",5406,"1998-10-19",84.8506008510337
"5407",5407,"1998-10-20",82.5547517965347
"5408",5408,"1998-10-21",80.1919356006765
"5409",5409,"1998-10-22",77.9997095223551
"5410",5410,"1998-10-23",75.9396334192389
"5411",5411,"1998-10-24",73.8239132664583
"5412",5412,"1998-10-25",71.7156743217488
"5413",5413,"1998-10-26",69.6896492595207
"5414",5414,"1998-10-27",67.7305064570955
"5415",5415,"1998-10-28",65.8261513716436
"5416",5416,"1998-10-29",64.4224346062337
"5417",5417,"1998-10-30",62.3632708336373
"5418",5418,"1998-10-31",60.5043348524646
"5419",5419,"1998-11-01",58.8193608930163
"5420",5420,"1998-11-02",57.2134851648226
"5421",5421,"1998-11-03",55.8439309872495
"5422",5422,"1998-11-04",54.351622142808
"5423",5423,"1998-11-05",52.7158861157054
"5424",5424,"1998-11-06",51.2822287779167
"5425",5425,"1998-11-07",50.019119938679
"5426",5426,"1998-11-08",49.0547263060221
"5427",5427,"1998-11-09",47.9630216980678
"5428",5428,"1998-11-10",46.8774289150709
"5429",5429,"1998-11-11",68.4264497811397
"5430",5430,"1998-11-12",83.3865014056181
"5431",5431,"1998-11-13",82.0166791977428
"5432",5432,"1998-11-14",78.8451254854741
"5433",5433,"1998-11-15",76.850895730226
"5434",5434,"1998-11-16",74.4431215613936
"5435",5435,"1998-11-17",72.1125752549959
"5436",5436,"1998-11-18",69.995456179957
"5437",5437,"1998-11-19",67.9884147547383
"5438",5438,"1998-11-20",66.0475148722079
"5439",5439,"1998-11-21",64.4068938298755
"5440",5440,"1998-11-22",62.5082890009754
"5441",5441,"1998-11-23",60.8381004547192
"5442",5442,"1998-11-24",59.2392633314292
"5443",5443,"1998-11-25",57.4956621560941
"5444",5444,"1998-11-26",60.7418182861866
"5445",5445,"1998-11-27",65.1546433381717
"5446",5446,"1998-11-28",64.5030250356833
"5447",5447,"1998-11-29",62.7426512426755
"5448",5448,"1998-11-30",60.9237723631951
"5449",5449,"1998-12-01",59.1931749404159
"5450",5450,"1998-12-02",57.5634654180894
"5451",5451,"1998-12-03",55.9591677225224
"5452",5452,"1998-12-04",54.3694448395083
"5453",5453,"1998-12-05",52.8196879602513
"5454",5454,"1998-12-06",51.8102367816377
"5455",5455,"1998-12-07",50.2145545136002
"5456",5456,"1998-12-08",49.4638275613771
"5457",5457,"1998-12-09",60.9421905315391
"5458",5458,"1998-12-10",67.8991057653577
"5459",5459,"1998-12-11",61.8550676692605
"5460",5460,"1998-12-12",57.3445754314105
"5461",5461,"1998-12-13",108.108537896839
"5462",5462,"1998-12-14",133.018825102522
"5463",5463,"1998-12-15",136.179278927911
"5464",5464,"1998-12-16",124.446662880939
"5465",5465,"1998-12-17",128.442074919907
"5466",5466,"1998-12-18",146.707819563925
"5467",5467,"1998-12-19",141.457867437468
"5468",5468,"1998-12-20",136.502373190277
"5469",5469,"1998-12-21",137.52505618643
"5470",5470,"1998-12-22",138.977923658253
"5471",5471,"1998-12-23",139.442797193107
"5472",5472,"1998-12-24",140.456370799071
"5473",5473,"1998-12-25",133.902276079539
"5474",5474,"1998-12-26",129.745095237241
"5475",5475,"1998-12-27",124.916115497446
"5476",5476,"1998-12-28",121.587470663441
"5477",5477,"1998-12-29",121.152257721905
"5478",5478,"1998-12-30",120.27418838478
"5479",5479,"1998-12-31",117.931981935923
"5480",5480,"1999-01-01",113.586595199609
"5481",5481,"1999-01-02",110.071657240851
"5482",5482,"1999-01-03",114.42293634327
"5483",5483,"1999-01-04",110.780828631433
"5484",5484,"1999-01-05",101.960735713262
"5485",5485,"1999-01-06",98.2455798346707
"5486",5486,"1999-01-07",97.0891603304296
"5487",5487,"1999-01-08",93.171393059672
"5488",5488,"1999-01-09",91.9086073309812
"5489",5489,"1999-01-10",90.5948015303499
"5490",5490,"1999-01-11",86.998547348371
"5491",5491,"1999-01-12",84.0440699878739
"5492",5492,"1999-01-13",89.3602119915095
"5493",5493,"1999-01-14",112.55263007533
"5494",5494,"1999-01-15",154.23638671357
"5495",5495,"1999-01-16",146.536809041693
"5496",5496,"1999-01-17",133.876883506917
"5497",5497,"1999-01-18",164.852089353878
"5498",5498,"1999-01-19",223.49288961713
"5499",5499,"1999-01-20",235.97170409758
"5500",5500,"1999-01-21",199.105684980869
"5501",5501,"1999-01-22",250.11973363831
"5502",5502,"1999-01-23",1306.18886117412
"5503",5503,"1999-01-24",6114.16397378646
"5504",5504,"1999-01-25",1777.34706107972
"5505",5505,"1999-01-26",858.919833003839
"5506",5506,"1999-01-27",486.840686767927
"5507",5507,"1999-01-28",402.069612039723
"5508",5508,"1999-01-29",422.971862819383
"5509",5509,"1999-01-30",324.125553307745
"5510",5510,"1999-01-31",273.461961517844
"5511",5511,"1999-02-01",247.178647714625
"5512",5512,"1999-02-02",624.200487044681
"5513",5513,"1999-02-03",561.549678084352
"5514",5514,"1999-02-04",393.000850803435
"5515",5515,"1999-02-05",317.191042352947
"5516",5516,"1999-02-06",278.965952808094
"5517",5517,"1999-02-07",278.742141733037
"5518",5518,"1999-02-08",305.531801646863
"5519",5519,"1999-02-09",289.027565680812
"5520",5520,"1999-02-10",274.269473197569
"5521",5521,"1999-02-11",270.659005806735
"5522",5522,"1999-02-12",260.013577379273
"5523",5523,"1999-02-13",253.207507606062
"5524",5524,"1999-02-14",247.443946792946
"5525",5525,"1999-02-15",241.13739917958
"5526",5526,"1999-02-16",235.164942265434
"5527",5527,"1999-02-17",230.296163380992
"5528",5528,"1999-02-18",450.690570170373
"5529",5529,"1999-02-19",405.809051298328
"5530",5530,"1999-02-20",319.532470433498
"5531",5531,"1999-02-21",277.988803957046
"5532",5532,"1999-02-22",252.901816432285
"5533",5533,"1999-02-23",239.362221626743
"5534",5534,"1999-02-24",231.7461090538
"5535",5535,"1999-02-25",225.685428914241
"5536",5536,"1999-02-26",227.366399434793
"5537",5537,"1999-02-27",231.45600188366
"5538",5538,"1999-02-28",250.137219914454
"5539",5539,"1999-03-01",285.36980571121
"5540",5540,"1999-03-02",276.768676559517
"5541",5541,"1999-03-03",267.744991331782
"5542",5542,"1999-03-04",748.971330299829
"5543",5543,"1999-03-05",640.025062889287
"5544",5544,"1999-03-06",434.814333089527
"5545",5545,"1999-03-07",342.062801489575
"5546",5546,"1999-03-08",305.194895376616
"5547",5547,"1999-03-09",284.899343585995
"5548",5548,"1999-03-10",280.029821357728
"5549",5549,"1999-03-11",271.911941014704
"5550",5550,"1999-03-12",260.962602332977
"5551",5551,"1999-03-13",252.725959655183
"5552",5552,"1999-03-14",254.609276794517
"5553",5553,"1999-03-15",274.475595069265
"5554",5554,"1999-03-16",281.695048910787
"5555",5555,"1999-03-17",279.767836975765
"5556",5556,"1999-03-18",296.116189093336
"5557",5557,"1999-03-19",306.83824430021
"5558",5558,"1999-03-20",299.480775347437
"5559",5559,"1999-03-21",367.014428241507
"5560",5560,"1999-03-22",373.742495212313
"5561",5561,"1999-03-23",326.758741268278
"5562",5562,"1999-03-24",301.808621471508
"5563",5563,"1999-03-25",290.834074036447
"5564",5564,"1999-03-26",286.479645821238
"5565",5565,"1999-03-27",278.705048049345
"5566",5566,"1999-03-28",271.147263766633
"5567",5567,"1999-03-29",263.94537480089
"5568",5568,"1999-03-30",257.252055120558
"5569",5569,"1999-03-31",250.725940358691
"5570",5570,"1999-04-01",309.660066041293
"5571",5571,"1999-04-02",320.702655098423
"5572",5572,"1999-04-03",286.606569208071
"5573",5573,"1999-04-04",265.484998271322
"5574",5574,"1999-04-05",252.582699240882
"5575",5575,"1999-04-06",243.199303866155
"5576",5576,"1999-04-07",235.400683998796
"5577",5577,"1999-04-08",228.312884848901
"5578",5578,"1999-04-09",221.583195619939
"5579",5579,"1999-04-10",215.060844968894
"5580",5580,"1999-04-11",209.283675982614
"5581",5581,"1999-04-12",206.686701732691
"5582",5582,"1999-04-13",203.304330130581
"5583",5583,"1999-04-14",196.828313082253
"5584",5584,"1999-04-15",193.403566647126
"5585",5585,"1999-04-16",212.695193478995
"5586",5586,"1999-04-17",219.064343660001
"5587",5587,"1999-04-18",208.199823866435
"5588",5588,"1999-04-19",199.817089876635
"5589",5589,"1999-04-20",193.187980098756
"5590",5590,"1999-04-21",186.893495588366
"5591",5591,"1999-04-22",181.238430959066
"5592",5592,"1999-04-23",175.897317422754
"5593",5593,"1999-04-24",170.913310968795
"5594",5594,"1999-04-25",166.065830266351
"5595",5595,"1999-04-26",161.466601999708
"5596",5596,"1999-04-27",163.841420102751
"5597",5597,"1999-04-28",179.120744983527
"5598",5598,"1999-04-29",250.818920702248
"5599",5599,"1999-04-30",277.974992201247
"5600",5600,"1999-05-01",317.504360918017
"5601",5601,"1999-05-02",280.714124050576
"5602",5602,"1999-05-03",254.931638552649
"5603",5603,"1999-05-04",239.63080641182
"5604",5604,"1999-05-05",229.188069856702
"5605",5605,"1999-05-06",226.846294606755
"5606",5606,"1999-05-07",221.325463684955
"5607",5607,"1999-05-08",318.016787333061
"5608",5608,"1999-05-09",290.765284432217
"5609",5609,"1999-05-10",251.617595897381
"5610",5610,"1999-05-11",230.34796321274
"5611",5611,"1999-05-12",217.879911689406
"5612",5612,"1999-05-13",209.374512759338
"5613",5613,"1999-05-14",298.521565010333
"5614",5614,"1999-05-15",274.147248949676
"5615",5615,"1999-05-16",236.984739505272
"5616",5616,"1999-05-17",216.921234660153
"5617",5617,"1999-05-18",205.100997196792
"5618",5618,"1999-05-19",338.726115585169
"5619",5619,"1999-05-20",312.565738417814
"5620",5620,"1999-05-21",246.590381928189
"5621",5621,"1999-05-22",211.953656689556
"5622",5622,"1999-05-23",193.9888658141
"5623",5623,"1999-05-24",185.060881213387
"5624",5624,"1999-05-25",176.791693900326
"5625",5625,"1999-05-26",170.80262836395
"5626",5626,"1999-05-27",165.929697563429
"5627",5627,"1999-05-28",160.735539380527
"5628",5628,"1999-05-29",156.336468589136
"5629",5629,"1999-05-30",152.17210518209
"5630",5630,"1999-05-31",147.817579410566
"5631",5631,"1999-06-01",143.595641745455
"5632",5632,"1999-06-02",139.432974809947
"5633",5633,"1999-06-03",147.099694305099
"5634",5634,"1999-06-04",143.203796447633
"5635",5635,"1999-06-05",137.790728852498
"5636",5636,"1999-06-06",133.095639532892
"5637",5637,"1999-06-07",128.906788633823
"5638",5638,"1999-06-08",124.974830534183
"5639",5639,"1999-06-09",121.247263445469
"5640",5640,"1999-06-10",117.785945653746
"5641",5641,"1999-06-11",122.565122526947
"5642",5642,"1999-06-12",121.285067318963
"5643",5643,"1999-06-13",117.969647239118
"5644",5644,"1999-06-14",114.463760545136
"5645",5645,"1999-06-15",111.293390117858
"5646",5646,"1999-06-16",108.035662558532
"5647",5647,"1999-06-17",135.691228644483
"5648",5648,"1999-06-18",140.087841561249
"5649",5649,"1999-06-19",128.881057412227
"5650",5650,"1999-06-20",120.780505530994
"5651",5651,"1999-06-21",115.559954608975
"5652",5652,"1999-06-22",111.068237817414
"5653",5653,"1999-06-23",107.150518140021
"5654",5654,"1999-06-24",103.898704066354
"5655",5655,"1999-06-25",104.402642204786
"5656",5656,"1999-06-26",112.550856335157
"5657",5657,"1999-06-27",135.525652225761
"5658",5658,"1999-06-28",141.057630229515
"5659",5659,"1999-06-29",133.801230425232
"5660",5660,"1999-06-30",126.956156175399
"5661",5661,"1999-07-01",120.978105462846
"5662",5662,"1999-07-02",117.678095867482
"5663",5663,"1999-07-03",116.41782502462
"5664",5664,"1999-07-04",121.431548800768
"5665",5665,"1999-07-05",118.018806324786
"5666",5666,"1999-07-06",113.524119556011
"5667",5667,"1999-07-07",109.591323092192
"5668",5668,"1999-07-08",120.072780076243
"5669",5669,"1999-07-09",126.432039791376
"5670",5670,"1999-07-10",117.938500779942
"5671",5671,"1999-07-11",141.656168958034
"5672",5672,"1999-07-12",168.132188007954
"5673",5673,"1999-07-13",485.802882391776
"5674",5674,"1999-07-14",439.692437702218
"5675",5675,"1999-07-15",268.397293284722
"5676",5676,"1999-07-16",189.113870298465
"5677",5677,"1999-07-17",153.590707800842
"5678",5678,"1999-07-18",137.628905261341
"5679",5679,"1999-07-19",128.288653876805
"5680",5680,"1999-07-20",135.222026170433
"5681",5681,"1999-07-21",128.858852233796
"5682",5682,"1999-07-22",127.640199272659
"5683",5683,"1999-07-23",121.385534829846
"5684",5684,"1999-07-24",116.433561014441
"5685",5685,"1999-07-25",145.068699023418
"5686",5686,"1999-07-26",158.123096934127
"5687",5687,"1999-07-27",137.178491841047
"5688",5688,"1999-07-28",122.853417892305
"5689",5689,"1999-07-29",123.523047434827
"5690",5690,"1999-07-30",122.550937228776
"5691",5691,"1999-07-31",118.312944950383
"5692",5692,"1999-08-01",117.014524123382
"5693",5693,"1999-08-02",123.251551544117
"5694",5694,"1999-08-03",121.741792209305
"5695",5695,"1999-08-04",117.081911245935
"5696",5696,"1999-08-05",112.945055639118
"5697",5697,"1999-08-06",109.329999844583
"5698",5698,"1999-08-07",106.01611787238
"5699",5699,"1999-08-08",102.891234556468
"5700",5700,"1999-08-09",105.855770724198
"5701",5701,"1999-08-10",105.518789917901
"5702",5702,"1999-08-11",101.873058374669
"5703",5703,"1999-08-12",98.5509059512057
"5704",5704,"1999-08-13",95.4948351387893
"5705",5705,"1999-08-14",104.553126238155
"5706",5706,"1999-08-15",110.450592188095
"5707",5707,"1999-08-16",106.132310679701
"5708",5708,"1999-08-17",101.920073046503
"5709",5709,"1999-08-18",98.353985923844
"5710",5710,"1999-08-19",95.5772598739933
"5711",5711,"1999-08-20",153.141314320472
"5712",5712,"1999-08-21",162.076638927204
"5713",5713,"1999-08-22",150.279610237104
"5714",5714,"1999-08-23",141.497374971922
"5715",5715,"1999-08-24",135.340648649278
"5716",5716,"1999-08-25",163.71122694084
"5717",5717,"1999-08-26",202.338857131835
"5718",5718,"1999-08-27",244.204438523207
"5719",5719,"1999-08-28",199.114749802695
"5720",5720,"1999-08-29",171.670491556076
"5721",5721,"1999-08-30",157.851038942588
"5722",5722,"1999-08-31",150.537118674858
"5723",5723,"1999-09-01",144.65114903831
"5724",5724,"1999-09-02",139.667280020276
"5725",5725,"1999-09-03",135.231751551863
"5726",5726,"1999-09-04",131.165522234699
"5727",5727,"1999-09-05",127.665877153386
"5728",5728,"1999-09-06",273.090704232385
"5729",5729,"1999-09-07",220.575162254722
"5730",5730,"1999-09-08",169.025549546939
"5731",5731,"1999-09-09",146.547866432337
"5732",5732,"1999-09-10",134.673556301976
"5733",5733,"1999-09-11",126.57066670928
"5734",5734,"1999-09-12",121.026066430931
"5735",5735,"1999-09-13",116.749679894445
"5736",5736,"1999-09-14",113.071003160305
"5737",5737,"1999-09-15",109.652831335108
"5738",5738,"1999-09-16",106.53060595737
"5739",5739,"1999-09-17",103.562536809137
"5740",5740,"1999-09-18",100.688448423039
"5741",5741,"1999-09-19",97.8253715836805
"5742",5742,"1999-09-20",94.9991498914804
"5743",5743,"1999-09-21",93.1035703267472
"5744",5744,"1999-09-22",90.6162764732981
"5745",5745,"1999-09-23",88.0487222584511
"5746",5746,"1999-09-24",85.2120895429094
"5747",5747,"1999-09-25",82.7016090743387
"5748",5748,"1999-09-26",80.3032869023805
"5749",5749,"1999-09-27",78.296908239975
"5750",5750,"1999-09-28",104.585554269678
"5751",5751,"1999-09-29",142.939001838813
"5752",5752,"1999-09-30",244.838466842399
"5753",5753,"1999-10-01",268.472872052191
"5754",5754,"1999-10-02",193.079474487017
"5755",5755,"1999-10-03",153.784505915223
"5756",5756,"1999-10-04",136.446330490724
"5757",5757,"1999-10-05",129.335263277528
"5758",5758,"1999-10-06",124.986111321224
"5759",5759,"1999-10-07",119.698889738293
"5760",5760,"1999-10-08",115.604842659028
"5761",5761,"1999-10-09",112.074053805749
"5762",5762,"1999-10-10",131.073232610015
"5763",5763,"1999-10-11",176.441790356069
"5764",5764,"1999-10-12",185.730270243042
"5765",5765,"1999-10-13",161.618447117601
"5766",5766,"1999-10-14",149.621605701644
"5767",5767,"1999-10-15",140.952026502194
"5768",5768,"1999-10-16",134.844838166886
"5769",5769,"1999-10-17",130.139270996603
"5770",5770,"1999-10-18",126.032815908677
"5771",5771,"1999-10-19",122.451911721221
"5772",5772,"1999-10-20",123.736257834042
"5773",5773,"1999-10-21",143.437198140282
"5774",5774,"1999-10-22",158.584548889219
"5775",5775,"1999-10-23",142.353232132777
"5776",5776,"1999-10-24",130.437341534924
"5777",5777,"1999-10-25",122.906060897985
"5778",5778,"1999-10-26",117.777927648986
"5779",5779,"1999-10-27",113.810602224213
"5780",5780,"1999-10-28",110.355149734909
"5781",5781,"1999-10-29",107.140944709483
"5782",5782,"1999-10-30",104.081695497215
"5783",5783,"1999-10-31",101.148643812467
"5784",5784,"1999-11-01",98.2493455487437
"5785",5785,"1999-11-02",181.562708123256
"5786",5786,"1999-11-03",674.031666850894
"5787",5787,"1999-11-04",570.253869155019
"5788",5788,"1999-11-05",339.70044488227
"5789",5789,"1999-11-06",235.590661283568
"5790",5790,"1999-11-07",187.19191884192
"5791",5791,"1999-11-08",164.860207400496
"5792",5792,"1999-11-09",154.66497877777
"5793",5793,"1999-11-10",148.479280700138
"5794",5794,"1999-11-11",143.519369798777
"5795",5795,"1999-11-12",163.068159361088
"5796",5796,"1999-11-13",171.880934895212
"5797",5797,"1999-11-14",155.75487752003
"5798",5798,"1999-11-15",146.300159202731
"5799",5799,"1999-11-16",139.621778696442
"5800",5800,"1999-11-17",134.696413570005
"5801",5801,"1999-11-18",130.590918365629
"5802",5802,"1999-11-19",126.852132658707
"5803",5803,"1999-11-20",123.322942332442
"5804",5804,"1999-11-21",120.800016385518
"5805",5805,"1999-11-22",122.9174769127
"5806",5806,"1999-11-23",123.06641913784
"5807",5807,"1999-11-24",120.32864023074
"5808",5808,"1999-11-25",116.84540169144
"5809",5809,"1999-11-26",631.177911736601
"5810",5810,"1999-11-27",610.900429392093
"5811",5811,"1999-11-28",396.96931770263
"5812",5812,"1999-11-29",287.833053949803
"5813",5813,"1999-11-30",236.467928954829
"5814",5814,"1999-12-01",211.751482344638
"5815",5815,"1999-12-02",198.943774420904
"5816",5816,"1999-12-03",191.125466227194
"5817",5817,"1999-12-04",185.319314293419
"5818",5818,"1999-12-05",180.311517509564
"5819",5819,"1999-12-06",182.243805952526
"5820",5820,"1999-12-07",192.432388343358
"5821",5821,"1999-12-08",181.783040773722
"5822",5822,"1999-12-09",173.332799377206
"5823",5823,"1999-12-10",176.794409142122
"5824",5824,"1999-12-11",180.215704806217
"5825",5825,"1999-12-12",174.209598828574
"5826",5826,"1999-12-13",170.513293628071
"5827",5827,"1999-12-14",675.004488134081
"5828",5828,"1999-12-15",483.282751763492
"5829",5829,"1999-12-16",323.661826147815
"5830",5830,"1999-12-17",250.852162902977
"5831",5831,"1999-12-18",216.305478159709
"5832",5832,"1999-12-19",199.73480180598
"5833",5833,"1999-12-20",201.127597174753
"5834",5834,"1999-12-21",199.734718164675
"5835",5835,"1999-12-22",193.753952376702
"5836",5836,"1999-12-23",186.599353166392
"5837",5837,"1999-12-24",181.139416442352
"5838",5838,"1999-12-25",177.008102140073
"5839",5839,"1999-12-26",172.127769865492
"5840",5840,"1999-12-27",167.773052409676
"5841",5841,"1999-12-28",163.660178721255
"5842",5842,"1999-12-29",159.625149425969
"5843",5843,"1999-12-30",156.04861469257
"5844",5844,"1999-12-31",152.602857954802
"5845",5845,"2000-01-01",150.187279411893
"5846",5846,"2000-01-02",148.037150844488
"5847",5847,"2000-01-03",146.753916964402
"5848",5848,"2000-01-04",143.680053518764
"5849",5849,"2000-01-05",141.254875384091
"5850",5850,"2000-01-06",136.814971704037
"5851",5851,"2000-01-07",133.120914886687
"5852",5852,"2000-01-08",129.64743138392
"5853",5853,"2000-01-09",126.274080337773
"5854",5854,"2000-01-10",344.454229525683
"5855",5855,"2000-01-11",361.973732392984
"5856",5856,"2000-01-12",260.961216529144
"5857",5857,"2000-01-13",207.608862248634
"5858",5858,"2000-01-14",182.689594296012
"5859",5859,"2000-01-15",171.077865985508
"5860",5860,"2000-01-16",163.507691445854
"5861",5861,"2000-01-17",158.462923692556
"5862",5862,"2000-01-18",162.506946117121
"5863",5863,"2000-01-19",158.558213675558
"5864",5864,"2000-01-20",166.688992526276
"5865",5865,"2000-01-21",163.266573376437
"5866",5866,"2000-01-22",157.86872416303
"5867",5867,"2000-01-23",155.959452052786
"5868",5868,"2000-01-24",150.425687331601
"5869",5869,"2000-01-25",146.373135107229
"5870",5870,"2000-01-26",142.148058447959
"5871",5871,"2000-01-27",138.456432875133
"5872",5872,"2000-01-28",134.936197512706
"5873",5873,"2000-01-29",131.501628543168
"5874",5874,"2000-01-30",129.950578430181
"5875",5875,"2000-01-31",128.2109279125
"5876",5876,"2000-02-01",123.273213064147
"5877",5877,"2000-02-02",118.945699098399
"5878",5878,"2000-02-03",115.529519756311
"5879",5879,"2000-02-04",122.933387808136
"5880",5880,"2000-02-05",151.384759728615
"5881",5881,"2000-02-06",138.193185907752
"5882",5882,"2000-02-07",132.853427118585
"5883",5883,"2000-02-08",145.644082299378
"5884",5884,"2000-02-09",153.200402581955
"5885",5885,"2000-02-10",180.31095183419
"5886",5886,"2000-02-11",303.923466314752
"5887",5887,"2000-02-12",709.674073112355
"5888",5888,"2000-02-13",584.233236885903
"5889",5889,"2000-02-14",936.215245749877
"5890",5890,"2000-02-15",615.393976642615
"5891",5891,"2000-02-16",417.342601255477
"5892",5892,"2000-02-17",345.436395443382
"5893",5893,"2000-02-18",300.471297228161
"5894",5894,"2000-02-19",701.574334815493
"5895",5895,"2000-02-20",671.785356580314
"5896",5896,"2000-02-21",432.20765307027
"5897",5897,"2000-02-22",313.317116496676
"5898",5898,"2000-02-23",261.849247863355
"5899",5899,"2000-02-24",243.395737362279
"5900",5900,"2000-02-25",238.659263191977
"5901",5901,"2000-02-26",236.346792548072
"5902",5902,"2000-02-27",233.752046312955
"5903",5903,"2000-02-28",236.54046023445
"5904",5904,"2000-02-29",238.943671560849
"5905",5905,"2000-03-01",229.725441698656
"5906",5906,"2000-03-02",222.493280630398
"5907",5907,"2000-03-03",216.479098199915
"5908",5908,"2000-03-04",210.793720025573
"5909",5909,"2000-03-05",205.217054625191
"5910",5910,"2000-03-06",199.671487707453
"5911",5911,"2000-03-07",194.20945415286
"5912",5912,"2000-03-08",188.770632295697
"5913",5913,"2000-03-09",183.380285692251
"5914",5914,"2000-03-10",178.174015350924
"5915",5915,"2000-03-11",207.022206469096
"5916",5916,"2000-03-12",444.464473695198
"5917",5917,"2000-03-13",476.730385681352
"5918",5918,"2000-03-14",324.494740332252
"5919",5919,"2000-03-15",253.148481195786
"5920",5920,"2000-03-16",218.821411748968
"5921",5921,"2000-03-17",264.481670599215
"5922",5922,"2000-03-18",246.113653007163
"5923",5923,"2000-03-19",216.204303993233
"5924",5924,"2000-03-20",238.107135239018
"5925",5925,"2000-03-21",909.279740456707
"5926",5926,"2000-03-22",581.518865787112
"5927",5927,"2000-03-23",396.147374897947
"5928",5928,"2000-03-24",308.357230450748
"5929",5929,"2000-03-25",267.060947175771
"5930",5930,"2000-03-26",245.936714438929
"5931",5931,"2000-03-27",233.172673679483
"5932",5932,"2000-03-28",226.531473825693
"5933",5933,"2000-03-29",219.164146441819
"5934",5934,"2000-03-30",216.569909768289
"5935",5935,"2000-03-31",215.369502409215
"5936",5936,"2000-04-01",208.240925677777
"5937",5937,"2000-04-02",201.635764588647
"5938",5938,"2000-04-03",252.481867454217
"5939",5939,"2000-04-04",446.84390220379
"5940",5940,"2000-04-05",390.426838990777
"5941",5941,"2000-04-06",315.350019480743
"5942",5942,"2000-04-07",277.17376950068
"5943",5943,"2000-04-08",256.393461996643
"5944",5944,"2000-04-09",244.398338176821
"5945",5945,"2000-04-10",235.078981993601
"5946",5946,"2000-04-11",227.63973513676
"5947",5947,"2000-04-12",222.982221484498
"5948",5948,"2000-04-13",216.995294221202
"5949",5949,"2000-04-14",220.054887623239
"5950",5950,"2000-04-15",248.35046618313
"5951",5951,"2000-04-16",321.130973198275
"5952",5952,"2000-04-17",572.626818159743
"5953",5953,"2000-04-18",534.193373686718
"5954",5954,"2000-04-19",466.996329150616
"5955",5955,"2000-04-20",369.831032207057
"5956",5956,"2000-04-21",325.121240984384
"5957",5957,"2000-04-22",301.56317598548
"5958",5958,"2000-04-23",287.091936375225
"5959",5959,"2000-04-24",276.889553370686
"5960",5960,"2000-04-25",316.70768106462
"5961",5961,"2000-04-26",442.724749972468
"5962",5962,"2000-04-27",386.053862874971
"5963",5963,"2000-04-28",333.531940109339
"5964",5964,"2000-04-29",324.762051944403
"5965",5965,"2000-04-30",342.730410658469
"5966",5966,"2000-05-01",311.83273525985
"5967",5967,"2000-05-02",291.452154898012
"5968",5968,"2000-05-03",278.51889729127
"5969",5969,"2000-05-04",268.704082635058
"5970",5970,"2000-05-05",260.246880356023
"5971",5971,"2000-05-06",252.439877250205
"5972",5972,"2000-05-07",245.056829132604
"5973",5973,"2000-05-08",237.921959539921
"5974",5974,"2000-05-09",231.047947163039
"5975",5975,"2000-05-10",224.5063965218
"5976",5976,"2000-05-11",218.331402817079
"5977",5977,"2000-05-12",212.033140482524
"5978",5978,"2000-05-13",205.751529977313
"5979",5979,"2000-05-14",199.9548007231
"5980",5980,"2000-05-15",194.597318144716
"5981",5981,"2000-05-16",189.239614388268
"5982",5982,"2000-05-17",184.06343167475
"5983",5983,"2000-05-18",178.468892344217
"5984",5984,"2000-05-19",173.144285386735
"5985",5985,"2000-05-20",168.210851672463
"5986",5986,"2000-05-21",166.170093564869
"5987",5987,"2000-05-22",193.82434649241
"5988",5988,"2000-05-23",180.634960504244
"5989",5989,"2000-05-24",176.737142526759
"5990",5990,"2000-05-25",180.774232856742
"5991",5991,"2000-05-26",182.562527977835
"5992",5992,"2000-05-27",174.99986905565
"5993",5993,"2000-05-28",166.952433950868
"5994",5994,"2000-05-29",168.786890804148
"5995",5995,"2000-05-30",165.127898448731
"5996",5996,"2000-05-31",159.070212607402
"5997",5997,"2000-06-01",154.31342877534
"5998",5998,"2000-06-02",149.637934460773
"5999",5999,"2000-06-03",145.169693771983
"6000",6000,"2000-06-04",141.068015363881
"6001",6001,"2000-06-05",137.470646584624
"6002",6002,"2000-06-06",136.510100860386
"6003",6003,"2000-06-07",131.920365503769
"6004",6004,"2000-06-08",127.845216211957
"6005",6005,"2000-06-09",124.019418087089
"6006",6006,"2000-06-10",120.288504569746
"6007",6007,"2000-06-11",116.764799000649
"6008",6008,"2000-06-12",113.326992285763
"6009",6009,"2000-06-13",109.993322056268
"6010",6010,"2000-06-14",107.417509182627
"6011",6011,"2000-06-15",107.229249514158
"6012",6012,"2000-06-16",111.378567730924
"6013",6013,"2000-06-17",111.234457593561
"6014",6014,"2000-06-18",113.792086650804
"6015",6015,"2000-06-19",124.898791744576
"6016",6016,"2000-06-20",122.797158148858
"6017",6017,"2000-06-21",118.202403093839
"6018",6018,"2000-06-22",117.247370844122
"6019",6019,"2000-06-23",113.478857908128
"6020",6020,"2000-06-24",119.691702545291
"6021",6021,"2000-06-25",126.135765448826
"6022",6022,"2000-06-26",119.998207142105
"6023",6023,"2000-06-27",114.682160365532
"6024",6024,"2000-06-28",134.751791041368
"6025",6025,"2000-06-29",284.129409186947
"6026",6026,"2000-06-30",283.964517941262
"6027",6027,"2000-07-01",218.181751430636
"6028",6028,"2000-07-02",184.096632332118
"6029",6029,"2000-07-03",166.335698912693
"6030",6030,"2000-07-04",156.711806602293
"6031",6031,"2000-07-05",151.434471804815
"6032",6032,"2000-07-06",161.048891119785
"6033",6033,"2000-07-07",161.156509246354
"6034",6034,"2000-07-08",153.526989662881
"6035",6035,"2000-07-09",147.301654530293
"6036",6036,"2000-07-10",141.960994542613
"6037",6037,"2000-07-11",138.174742520975
"6038",6038,"2000-07-12",134.38429225031
"6039",6039,"2000-07-13",149.960684326661
"6040",6040,"2000-07-14",147.528658091628
"6041",6041,"2000-07-15",142.594675843659
"6042",6042,"2000-07-16",137.485555659897
"6043",6043,"2000-07-17",132.214947408117
"6044",6044,"2000-07-18",127.765396845434
"6045",6045,"2000-07-19",123.828722566009
"6046",6046,"2000-07-20",122.011231673405
"6047",6047,"2000-07-21",117.619833582794
"6048",6048,"2000-07-22",113.972871635123
"6049",6049,"2000-07-23",110.682259490805
"6050",6050,"2000-07-24",132.952092756777
"6051",6051,"2000-07-25",144.122640603467
"6052",6052,"2000-07-26",139.042188867826
"6053",6053,"2000-07-27",133.093169568343
"6054",6054,"2000-07-28",128.719724627644
"6055",6055,"2000-07-29",130.491654487917
"6056",6056,"2000-07-30",138.468948115074
"6057",6057,"2000-07-31",145.363333275425
"6058",6058,"2000-08-01",160.183906721229
"6059",6059,"2000-08-02",181.067949207184
"6060",6060,"2000-08-03",222.759581740632
"6061",6061,"2000-08-04",261.508399965085
"6062",6062,"2000-08-05",260.650431907417
"6063",6063,"2000-08-06",234.518386102126
"6064",6064,"2000-08-07",216.418334077241
"6065",6065,"2000-08-08",205.626263081575
"6066",6066,"2000-08-09",201.165478468131
"6067",6067,"2000-08-10",267.173237619596
"6068",6068,"2000-08-11",245.21773836649
"6069",6069,"2000-08-12",223.349330332631
"6070",6070,"2000-08-13",210.151188274509
"6071",6071,"2000-08-14",201.181019264656
"6072",6072,"2000-08-15",194.139837109749
"6073",6073,"2000-08-16",187.970047063885
"6074",6074,"2000-08-17",182.197173025861
"6075",6075,"2000-08-18",176.945084138825
"6076",6076,"2000-08-19",173.271798800208
"6077",6077,"2000-08-20",167.645958664813
"6078",6078,"2000-08-21",163.810281337163
"6079",6079,"2000-08-22",158.412099071036
"6080",6080,"2000-08-23",154.199741183925
"6081",6081,"2000-08-24",155.397277564017
"6082",6082,"2000-08-25",157.367267111072
"6083",6083,"2000-08-26",163.471627724927
"6084",6084,"2000-08-27",157.755825391303
"6085",6085,"2000-08-28",154.068712970211
"6086",6086,"2000-08-29",148.669220374051
"6087",6087,"2000-08-30",144.03114982131
"6088",6088,"2000-08-31",141.157766366554
"6089",6089,"2000-09-01",150.150368135822
"6090",6090,"2000-09-02",153.450503193144
"6091",6091,"2000-09-03",156.756184944551
"6092",6092,"2000-09-04",159.459450353499
"6093",6093,"2000-09-05",186.486012996456
"6094",6094,"2000-09-06",188.41983148543
"6095",6095,"2000-09-07",178.003423085636
"6096",6096,"2000-09-08",169.516339937678
"6097",6097,"2000-09-09",163.243877139348
"6098",6098,"2000-09-10",160.739767173739
"6099",6099,"2000-09-11",154.911546892456
"6100",6100,"2000-09-12",150.281495468767
"6101",6101,"2000-09-13",145.828194911938
"6102",6102,"2000-09-14",141.794232434024
"6103",6103,"2000-09-15",137.575009153624
"6104",6104,"2000-09-16",133.831569481124
"6105",6105,"2000-09-17",130.218817810446
"6106",6106,"2000-09-18",126.600675082037
"6107",6107,"2000-09-19",137.614027494838
"6108",6108,"2000-09-20",136.888700632366
"6109",6109,"2000-09-21",138.068018030413
"6110",6110,"2000-09-22",135.605793603747
"6111",6111,"2000-09-23",131.989780174246
"6112",6112,"2000-09-24",127.648119837062
"6113",6113,"2000-09-25",124.047915320096
"6114",6114,"2000-09-26",154.847927218311
"6115",6115,"2000-09-27",147.673487019882
"6116",6116,"2000-09-28",134.556886008172
"6117",6117,"2000-09-29",125.727938611688
"6118",6118,"2000-09-30",119.862931896167
"6119",6119,"2000-10-01",115.405283453547
"6120",6120,"2000-10-02",111.6707980088
"6121",6121,"2000-10-03",108.263405470689
"6122",6122,"2000-10-04",105.03675370145
"6123",6123,"2000-10-05",101.980623503203
"6124",6124,"2000-10-06",99.075136730721
"6125",6125,"2000-10-07",96.3893267731467
"6126",6126,"2000-10-08",93.8596881199094
"6127",6127,"2000-10-09",91.3013320639355
"6128",6128,"2000-10-10",88.7800494241395
"6129",6129,"2000-10-11",86.2567401691287
"6130",6130,"2000-10-12",83.8062430349247
"6131",6131,"2000-10-13",81.406219521175
"6132",6132,"2000-10-14",79.093721909377
"6133",6133,"2000-10-15",76.8726906730109
"6134",6134,"2000-10-16",74.6908993844635
"6135",6135,"2000-10-17",72.555980703573
"6136",6136,"2000-10-18",70.4896612635372
"6137",6137,"2000-10-19",68.5586596110511
"6138",6138,"2000-10-20",66.6455544854807
"6139",6139,"2000-10-21",64.8398995887851
"6140",6140,"2000-10-22",62.9713113102306
"6141",6141,"2000-10-23",61.1918026704468
"6142",6142,"2000-10-24",59.4674954670764
"6143",6143,"2000-10-25",57.7795421680333
"6144",6144,"2000-10-26",56.5218854966086
"6145",6145,"2000-10-27",54.7441582452109
"6146",6146,"2000-10-28",53.0979879224178
"6147",6147,"2000-10-29",51.6520549752631
"6148",6148,"2000-10-30",50.3290839580304
"6149",6149,"2000-10-31",49.3032441050813
"6150",6150,"2000-11-01",48.1542185174371
"6151",6151,"2000-11-02",46.8912939461962
"6152",6152,"2000-11-03",45.5920324358476
"6153",6153,"2000-11-04",44.3103431268253
"6154",6154,"2000-11-05",43.1366461724111
"6155",6155,"2000-11-06",41.9860762204125
"6156",6156,"2000-11-07",40.9145127866497
"6157",6157,"2000-11-08",39.8622314466769
"6158",6158,"2000-11-09",39.6647933373061
"6159",6159,"2000-11-10",159.448775363442
"6160",6160,"2000-11-11",150.104776213178
"6161",6161,"2000-11-12",106.750362874331
"6162",6162,"2000-11-13",81.4690511974249
"6163",6163,"2000-11-14",68.9712078158517
"6164",6164,"2000-11-15",62.554066789825
"6165",6165,"2000-11-16",59.0116021497845
"6166",6166,"2000-11-17",57.1067088005184
"6167",6167,"2000-11-18",54.9731298778886
"6168",6168,"2000-11-19",53.3537763087424
"6169",6169,"2000-11-20",52.0439556961625
"6170",6170,"2000-11-21",50.7206940367377
"6171",6171,"2000-11-22",49.6133218342579
"6172",6172,"2000-11-23",48.5915740527643
"6173",6173,"2000-11-24",47.4324040553714
"6174",6174,"2000-11-25",47.031168637092
"6175",6175,"2000-11-26",68.249065095694
"6176",6176,"2000-11-27",88.5547076779034
"6177",6177,"2000-11-28",87.6336341813045
"6178",6178,"2000-11-29",84.0923963308251
"6179",6179,"2000-11-30",80.4566468908588
"6180",6180,"2000-12-01",77.4290475485165
"6181",6181,"2000-12-02",75.0243983983336
"6182",6182,"2000-12-03",73.282461775724
"6183",6183,"2000-12-04",71.2320742649718
"6184",6184,"2000-12-05",69.1969714792835
"6185",6185,"2000-12-06",67.3312853725229
"6186",6186,"2000-12-07",65.5473564132748
"6187",6187,"2000-12-08",63.8011468240902
"6188",6188,"2000-12-09",62.0993062551154
"6189",6189,"2000-12-10",60.5150752027323
"6190",6190,"2000-12-11",58.9307782859723
"6191",6191,"2000-12-12",57.5476926341611
"6192",6192,"2000-12-13",55.8684290466132
"6193",6193,"2000-12-14",57.6492180840353
"6194",6194,"2000-12-15",57.8872400134884
"6195",6195,"2000-12-16",62.682470516845
"6196",6196,"2000-12-17",177.636013668262
"6197",6197,"2000-12-18",198.60930383185
"6198",6198,"2000-12-19",154.885882725072
"6199",6199,"2000-12-20",131.408033367954
"6200",6200,"2000-12-21",116.870854890144
"6201",6201,"2000-12-22",109.416034733132
"6202",6202,"2000-12-23",105.03212300318
"6203",6203,"2000-12-24",101.866993880909
"6204",6204,"2000-12-25",99.211900081018
"6205",6205,"2000-12-26",96.7728404743343
"6206",6206,"2000-12-27",94.4404459219646
"6207",6207,"2000-12-28",92.8869646804119
"6208",6208,"2000-12-29",92.7281193549737
"6209",6209,"2000-12-30",90.4683878765206
"6210",6210,"2000-12-31",87.8319497580472
"6211",6211,"2001-01-01",85.2915450420252
"6212",6212,"2001-01-02",83.0240503698562
"6213",6213,"2001-01-03",80.9197819469802
"6214",6214,"2001-01-04",78.8697742655625
"6215",6215,"2001-01-05",76.8687081066277
"6216",6216,"2001-01-06",74.9065975049904
"6217",6217,"2001-01-07",76.6601413829408
"6218",6218,"2001-01-08",89.1424319637728
"6219",6219,"2001-01-09",98.9063282788622
"6220",6220,"2001-01-10",94.6517542452975
"6221",6221,"2001-01-11",90.6208331195191
"6222",6222,"2001-01-12",90.5666843989267
"6223",6223,"2001-01-13",89.6032649026222
"6224",6224,"2001-01-14",94.0363494265436
"6225",6225,"2001-01-15",96.4613633439408
"6226",6226,"2001-01-16",104.823065846002
"6227",6227,"2001-01-17",106.498966180868
"6228",6228,"2001-01-18",103.697226419729
"6229",6229,"2001-01-19",129.280348051679
"6230",6230,"2001-01-20",362.332594833582
"6231",6231,"2001-01-21",372.60470262172
"6232",6232,"2001-01-22",252.471861755935
"6233",6233,"2001-01-23",193.394773470479
"6234",6234,"2001-01-24",166.523045857392
"6235",6235,"2001-01-25",154.564520024267
"6236",6236,"2001-01-26",148.051415594335
"6237",6237,"2001-01-27",143.579972134261
"6238",6238,"2001-01-28",139.75494130115
"6239",6239,"2001-01-29",136.379246886788
"6240",6240,"2001-01-30",140.09150241867
"6241",6241,"2001-01-31",146.598725488463
"6242",6242,"2001-02-01",152.863345364108
"6243",6243,"2001-02-02",150.533446675347
"6244",6244,"2001-02-03",146.365333072488
"6245",6245,"2001-02-04",142.287905248336
"6246",6246,"2001-02-05",138.52277242941
"6247",6247,"2001-02-06",135.036099312923
"6248",6248,"2001-02-07",131.65016894721
"6249",6249,"2001-02-08",128.324080028144
"6250",6250,"2001-02-09",125.045022327674
"6251",6251,"2001-02-10",123.338716911205
"6252",6252,"2001-02-11",120.372099310181
"6253",6253,"2001-02-12",118.180815162024
"6254",6254,"2001-02-13",114.716340246297
"6255",6255,"2001-02-14",118.745320122417
"6256",6256,"2001-02-15",213.672872864978
"6257",6257,"2001-02-16",232.994844752327
"6258",6258,"2001-02-17",216.705723535167
"6259",6259,"2001-02-18",201.369889096195
"6260",6260,"2001-02-19",181.162108847772
"6261",6261,"2001-02-20",169.439175413744
"6262",6262,"2001-02-21",164.691445866418
"6263",6263,"2001-02-22",175.154120411384
"6264",6264,"2001-02-23",186.676720466294
"6265",6265,"2001-02-24",191.139227667126
"6266",6266,"2001-02-25",196.805311067878
"6267",6267,"2001-02-26",216.381209841029
"6268",6268,"2001-02-27",215.102481096422
"6269",6269,"2001-02-28",198.093897336085
"6270",6270,"2001-03-01",187.325738628313
"6271",6271,"2001-03-02",180.013775133543
"6272",6272,"2001-03-03",174.177274816786
"6273",6273,"2001-03-04",179.281412771837
"6274",6274,"2001-03-05",189.929369748054
"6275",6275,"2001-03-06",191.691073790733
"6276",6276,"2001-03-07",184.610944835909
"6277",6277,"2001-03-08",177.667726412854
"6278",6278,"2001-03-09",176.199614998036
"6279",6279,"2001-03-10",178.893651176299
"6280",6280,"2001-03-11",174.321490274635
"6281",6281,"2001-03-12",170.303638352372
"6282",6282,"2001-03-13",212.393556160816
"6283",6283,"2001-03-14",229.852632394832
"6284",6284,"2001-03-15",201.075666310001
"6285",6285,"2001-03-16",233.30300715107
"6286",6286,"2001-03-17",236.430548853865
"6287",6287,"2001-03-18",205.569994817706
"6288",6288,"2001-03-19",188.264883370901
"6289",6289,"2001-03-20",178.275376160023
"6290",6290,"2001-03-21",186.560250730122
"6291",6291,"2001-03-22",200.64404208463
"6292",6292,"2001-03-23",225.446608333844
"6293",6293,"2001-03-24",245.248845117473
"6294",6294,"2001-03-25",244.277067056642
"6295",6295,"2001-03-26",236.283741876803
"6296",6296,"2001-03-27",227.133502262061
"6297",6297,"2001-03-28",219.446201863302
"6298",6298,"2001-03-29",213.30346859491
"6299",6299,"2001-03-30",447.943957642349
"6300",6300,"2001-03-31",857.051833768799
"6301",6301,"2001-04-01",559.722137998979
"6302",6302,"2001-04-02",422.569591095919
"6303",6303,"2001-04-03",362.016880366095
"6304",6304,"2001-04-04",352.457670614711
"6305",6305,"2001-04-05",406.491599288349
"6306",6306,"2001-04-06",347.198112342319
"6307",6307,"2001-04-07",313.336723853806
"6308",6308,"2001-04-08",294.030611043609
"6309",6309,"2001-04-09",281.394408229933
"6310",6310,"2001-04-10",271.516556464543
"6311",6311,"2001-04-11",263.019493078737
"6312",6312,"2001-04-12",255.231092525218
"6313",6313,"2001-04-13",250.295145135117
"6314",6314,"2001-04-14",244.269388441982
"6315",6315,"2001-04-15",237.105301010398
"6316",6316,"2001-04-16",232.337202813772
"6317",6317,"2001-04-17",240.013220560072
"6318",6318,"2001-04-18",230.991274002652
"6319",6319,"2001-04-19",222.468291139293
"6320",6320,"2001-04-20",216.403006896274
"6321",6321,"2001-04-21",210.180978292538
"6322",6322,"2001-04-22",203.740710415346
"6323",6323,"2001-04-23",197.671307682521
"6324",6324,"2001-04-24",191.957726658282
"6325",6325,"2001-04-25",186.622036395972
"6326",6326,"2001-04-26",181.494259966126
"6327",6327,"2001-04-27",176.379527193653
"6328",6328,"2001-04-28",171.31354691633
"6329",6329,"2001-04-29",166.364589345544
"6330",6330,"2001-04-30",161.687980973157
"6331",6331,"2001-05-01",157.862687116122
"6332",6332,"2001-05-02",154.00255894939
"6333",6333,"2001-05-03",150.963144579444
"6334",6334,"2001-05-04",146.512663274063
"6335",6335,"2001-05-05",144.658305134291
"6336",6336,"2001-05-06",145.542914334157
"6337",6337,"2001-05-07",141.327184073982
"6338",6338,"2001-05-08",136.796063324035
"6339",6339,"2001-05-09",132.843846433084
"6340",6340,"2001-05-10",128.880691639068
"6341",6341,"2001-05-11",125.14580031972
"6342",6342,"2001-05-12",121.482420587111
"6343",6343,"2001-05-13",118.310350007876
"6344",6344,"2001-05-14",114.966388953494
"6345",6345,"2001-05-15",111.680517128476
"6346",6346,"2001-05-16",108.420210482695
"6347",6347,"2001-05-17",227.226711336104
"6348",6348,"2001-05-18",216.32249606471
"6349",6349,"2001-05-19",161.991396437929
"6350",6350,"2001-05-20",139.117949337082
"6351",6351,"2001-05-21",158.202959054012
"6352",6352,"2001-05-22",243.212946978092
"6353",6353,"2001-05-23",377.924695140319
"6354",6354,"2001-05-24",342.750174912369
"6355",6355,"2001-05-25",373.401899246292
"6356",6356,"2001-05-26",474.497619000143
"6357",6357,"2001-05-27",383.86429433149
"6358",6358,"2001-05-28",309.394731469615
"6359",6359,"2001-05-29",273.445732281281
"6360",6360,"2001-05-30",253.992723105212
"6361",6361,"2001-05-31",242.589011275573
"6362",6362,"2001-06-01",234.11612310075
"6363",6363,"2001-06-02",281.038176482325
"6364",6364,"2001-06-03",269.617448713936
"6365",6365,"2001-06-04",241.542531697853
"6366",6366,"2001-06-05",226.676211550137
"6367",6367,"2001-06-06",220.553597368381
"6368",6368,"2001-06-07",227.456076577
"6369",6369,"2001-06-08",219.289258306204
"6370",6370,"2001-06-09",209.78071259915
"6371",6371,"2001-06-10",202.28726748731
"6372",6372,"2001-06-11",195.859107886456
"6373",6373,"2001-06-12",189.88150251974
"6374",6374,"2001-06-13",184.201815987494
"6375",6375,"2001-06-14",180.040965817771
"6376",6376,"2001-06-15",176.029639480239
"6377",6377,"2001-06-16",170.308318080883
"6378",6378,"2001-06-17",165.112675479083
"6379",6379,"2001-06-18",160.330325136784
"6380",6380,"2001-06-19",156.104029603374
"6381",6381,"2001-06-20",151.913654405797
"6382",6382,"2001-06-21",147.946872331883
"6383",6383,"2001-06-22",144.689597670814
"6384",6384,"2001-06-23",185.676377614077
"6385",6385,"2001-06-24",180.551307098936
"6386",6386,"2001-06-25",163.832765924946
"6387",6387,"2001-06-26",184.076948694521
"6388",6388,"2001-06-27",218.640641309867
"6389",6389,"2001-06-28",245.634134278043
"6390",6390,"2001-06-29",218.068697173806
"6391",6391,"2001-06-30",197.795526616732
"6392",6392,"2001-07-01",194.429312306554
"6393",6393,"2001-07-02",194.849259872955
"6394",6394,"2001-07-03",198.872934571151
"6395",6395,"2001-07-04",190.850444187445
"6396",6396,"2001-07-05",185.711056640339
"6397",6397,"2001-07-06",235.381333313086
"6398",6398,"2001-07-07",213.586010587965
"6399",6399,"2001-07-08",191.94815378737
"6400",6400,"2001-07-09",246.96090081066
"6401",6401,"2001-07-10",267.857086814228
"6402",6402,"2001-07-11",220.530121235359
"6403",6403,"2001-07-12",194.177346983299
"6404",6404,"2001-07-13",179.885173173101
"6405",6405,"2001-07-14",171.122785651874
"6406",6406,"2001-07-15",164.685317161949
"6407",6407,"2001-07-16",159.256220030799
"6408",6408,"2001-07-17",154.98675343343
"6409",6409,"2001-07-18",150.729399851569
"6410",6410,"2001-07-19",148.001428091703
"6411",6411,"2001-07-20",160.289266280471
"6412",6412,"2001-07-21",163.096591153219
"6413",6413,"2001-07-22",154.792877223581
"6414",6414,"2001-07-23",148.185471431717
"6415",6415,"2001-07-24",142.575276354583
"6416",6416,"2001-07-25",139.636209770983
"6417",6417,"2001-07-26",167.563544804491
"6418",6418,"2001-07-27",204.361570245415
"6419",6419,"2001-07-28",254.695473772757
"6420",6420,"2001-07-29",409.904426459345
"6421",6421,"2001-07-30",593.917449853685
"6422",6422,"2001-07-31",530.757464742128
"6423",6423,"2001-08-01",390.752184711714
"6424",6424,"2001-08-02",322.464732527182
"6425",6425,"2001-08-03",289.516620829571
"6426",6426,"2001-08-04",271.323358056809
"6427",6427,"2001-08-05",260.492591285976
"6428",6428,"2001-08-06",251.347505064642
"6429",6429,"2001-08-07",242.646275975101
"6430",6430,"2001-08-08",234.804602313026
"6431",6431,"2001-08-09",227.642755349174
"6432",6432,"2001-08-10",220.907472387347
"6433",6433,"2001-08-11",214.625644434909
"6434",6434,"2001-08-12",240.645848807505
"6435",6435,"2001-08-13",297.546899181759
"6436",6436,"2001-08-14",283.935442227038
"6437",6437,"2001-08-15",260.291064190652
"6438",6438,"2001-08-16",242.37467526303
"6439",6439,"2001-08-17",230.966050729309
"6440",6440,"2001-08-18",222.455286151528
"6441",6441,"2001-08-19",215.244690625029
"6442",6442,"2001-08-20",208.498019186089
"6443",6443,"2001-08-21",202.40994659467
"6444",6444,"2001-08-22",196.638850400738
"6445",6445,"2001-08-23",191.296743302519
"6446",6446,"2001-08-24",217.656508384618
"6447",6447,"2001-08-25",212.99684965302
"6448",6448,"2001-08-26",202.815583683276
"6449",6449,"2001-08-27",195.384549303532
"6450",6450,"2001-08-28",189.449664930894
"6451",6451,"2001-08-29",183.378556550691
"6452",6452,"2001-08-30",177.583063766046
"6453",6453,"2001-08-31",184.029760074988
"6454",6454,"2001-09-01",189.207784208056
"6455",6455,"2001-09-02",185.28882897868
"6456",6456,"2001-09-03",190.13432316231
"6457",6457,"2001-09-04",194.033155170882
"6458",6458,"2001-09-05",200.733065675155
"6459",6459,"2001-09-06",188.927919442605
"6460",6460,"2001-09-07",179.714838032982
"6461",6461,"2001-09-08",172.829720470425
"6462",6462,"2001-09-09",167.045031480423
"6463",6463,"2001-09-10",176.842435888875
"6464",6464,"2001-09-11",195.947234815972
"6465",6465,"2001-09-12",194.115606087478
"6466",6466,"2001-09-13",184.633016510919
"6467",6467,"2001-09-14",177.394128241546
"6468",6468,"2001-09-15",171.658564477357
"6469",6469,"2001-09-16",166.557085902398
"6470",6470,"2001-09-17",161.598895823841
"6471",6471,"2001-09-18",157.166944218627
"6472",6472,"2001-09-19",153.17293243796
"6473",6473,"2001-09-20",160.671904984705
"6474",6474,"2001-09-21",158.329666354869
"6475",6475,"2001-09-22",153.131740884893
"6476",6476,"2001-09-23",148.302941283967
"6477",6477,"2001-09-24",144.377884474306
"6478",6478,"2001-09-25",169.233556146131
"6479",6479,"2001-09-26",159.950446444375
"6480",6480,"2001-09-27",149.885718122097
"6481",6481,"2001-09-28",142.366120002548
"6482",6482,"2001-09-29",136.715119715519
"6483",6483,"2001-09-30",132.1357173624
"6484",6484,"2001-10-01",128.07307443719
"6485",6485,"2001-10-02",124.251047783982
"6486",6486,"2001-10-03",120.620095094729
"6487",6487,"2001-10-04",117.153767501402
"6488",6488,"2001-10-05",113.823328805919
"6489",6489,"2001-10-06",110.888774108594
"6490",6490,"2001-10-07",107.713019540756
"6491",6491,"2001-10-08",104.705068060321
"6492",6492,"2001-10-09",101.741324291863
"6493",6493,"2001-10-10",98.9267262051401
"6494",6494,"2001-10-11",96.2870414276451
"6495",6495,"2001-10-12",93.2886614568714
"6496",6496,"2001-10-13",90.8192903066887
"6497",6497,"2001-10-14",91.3828759488071
"6498",6498,"2001-10-15",173.13065034147
"6499",6499,"2001-10-16",148.99763843827
"6500",6500,"2001-10-17",122.582687059893
"6501",6501,"2001-10-18",106.605536517328
"6502",6502,"2001-10-19",97.7201388678136
"6503",6503,"2001-10-20",92.3529760712785
"6504",6504,"2001-10-21",88.5933706570073
"6505",6505,"2001-10-22",85.5793915071701
"6506",6506,"2001-10-23",82.9180733522471
"6507",6507,"2001-10-24",80.4832831023028
"6508",6508,"2001-10-25",78.4440201120307
"6509",6509,"2001-10-26",76.1367558646094
"6510",6510,"2001-10-27",74.0885495466743
"6511",6511,"2001-10-28",72.1204526072457
"6512",6512,"2001-10-29",70.1224270794879
"6513",6513,"2001-10-30",68.1296275250187
"6514",6514,"2001-10-31",66.193330707365
"6515",6515,"2001-11-01",64.3544666631296
"6516",6516,"2001-11-02",62.5550247978751
"6517",6517,"2001-11-03",60.7665730825118
"6518",6518,"2001-11-04",59.1276589025995
"6519",6519,"2001-11-05",57.5239537998827
"6520",6520,"2001-11-06",55.977627741769
"6521",6521,"2001-11-07",54.438956426008
"6522",6522,"2001-11-08",52.9115639864958
"6523",6523,"2001-11-09",51.4442546509579
"6524",6524,"2001-11-10",50.1327293388343
"6525",6525,"2001-11-11",49.1111872272266
"6526",6526,"2001-11-12",47.9731456487196
"6527",6527,"2001-11-13",46.753096931493
"6528",6528,"2001-11-14",45.5196154256769
"6529",6529,"2001-11-15",44.288567791095
"6530",6530,"2001-11-16",43.0671462573775
"6531",6531,"2001-11-17",41.8693770983395
"6532",6532,"2001-11-18",40.7031841655534
"6533",6533,"2001-11-19",39.5869467712123
"6534",6534,"2001-11-20",38.5605463097676
"6535",6535,"2001-11-21",37.5282311173706
"6536",6536,"2001-11-22",36.5280336417084
"6537",6537,"2001-11-23",35.5350487035232
"6538",6538,"2001-11-24",39.0273398486828
"6539",6539,"2001-11-25",75.0577796533621
"6540",6540,"2001-11-26",90.0337406254841
"6541",6541,"2001-11-27",83.6948677046215
"6542",6542,"2001-11-28",78.0285485856306
"6543",6543,"2001-11-29",74.1352389652516
"6544",6544,"2001-11-30",90.7562893866186
"6545",6545,"2001-12-01",102.937566964309
"6546",6546,"2001-12-02",98.9610051446372
"6547",6547,"2001-12-03",94.8283455886771
"6548",6548,"2001-12-04",91.442261169695
"6549",6549,"2001-12-05",88.490374430994
"6550",6550,"2001-12-06",85.8012548237732
"6551",6551,"2001-12-07",83.3114114532635
"6552",6552,"2001-12-08",82.161277131803
"6553",6553,"2001-12-09",89.0893350262924
"6554",6554,"2001-12-10",94.0489202458549
"6555",6555,"2001-12-11",319.720376297733
"6556",6556,"2001-12-12",222.124537474518
"6557",6557,"2001-12-13",158.471136270486
"6558",6558,"2001-12-14",159.812356968493
"6559",6559,"2001-12-15",153.046407897641
"6560",6560,"2001-12-16",134.425811007761
"6561",6561,"2001-12-17",122.594679034988
"6562",6562,"2001-12-18",181.871344212104
"6563",6563,"2001-12-19",181.718011146144
"6564",6564,"2001-12-20",158.548044929668
"6565",6565,"2001-12-21",146.709537260894
"6566",6566,"2001-12-22",138.95580635613
"6567",6567,"2001-12-23",133.705987783511
"6568",6568,"2001-12-24",130.702251245071
"6569",6569,"2001-12-25",126.332324785032
"6570",6570,"2001-12-26",122.985471243904
"6571",6571,"2001-12-27",119.920089324082
"6572",6572,"2001-12-28",116.958535107531
"6573",6573,"2001-12-29",114.031587322235
"6574",6574,"2001-12-30",111.212988872034
"6575",6575,"2001-12-31",108.466125057093
"6576",6576,"2002-01-01",105.762157767014
"6577",6577,"2002-01-02",103.111910514411
"6578",6578,"2002-01-03",100.521426678528
"6579",6579,"2002-01-04",98.068058595593
"6580",6580,"2002-01-05",95.51121902858
"6581",6581,"2002-01-06",93.0439271488137
"6582",6582,"2002-01-07",93.7958292084387
"6583",6583,"2002-01-08",92.8239190457706
"6584",6584,"2002-01-09",89.7026625055896
"6585",6585,"2002-01-10",96.6321726934559
"6586",6586,"2002-01-11",117.781252448851
"6587",6587,"2002-01-12",116.166296370487
"6588",6588,"2002-01-13",110.398835281126
"6589",6589,"2002-01-14",105.691156866155
"6590",6590,"2002-01-15",102.122800321454
"6591",6591,"2002-01-16",99.131690685862
"6592",6592,"2002-01-17",96.3908639228713
"6593",6593,"2002-01-18",93.9172739233994
"6594",6594,"2002-01-19",94.5408998909221
"6595",6595,"2002-01-20",93.2977131955644
"6596",6596,"2002-01-21",90.7404021819897
"6597",6597,"2002-01-22",93.1105105938775
"6598",6598,"2002-01-23",104.91646437592
"6599",6599,"2002-01-24",421.626419153043
"6600",6600,"2002-01-25",838.052268913778
"6601",6601,"2002-01-26",517.491855056066
"6602",6602,"2002-01-27",341.174297196301
"6603",6603,"2002-01-28",263.905331891499
"6604",6604,"2002-01-29",239.936093646996
"6605",6605,"2002-01-30",239.219284938073
"6606",6606,"2002-01-31",236.474057356798
"6607",6607,"2002-02-01",227.713356627103
"6608",6608,"2002-02-02",220.937173066984
"6609",6609,"2002-02-03",215.248267841144
"6610",6610,"2002-02-04",210.081602187252
"6611",6611,"2002-02-05",205.56783219336
"6612",6612,"2002-02-06",200.529851082465
"6613",6613,"2002-02-07",203.986268431449
"6614",6614,"2002-02-08",232.97295422452
"6615",6615,"2002-02-09",266.132339372233
"6616",6616,"2002-02-10",243.82240149187
"6617",6617,"2002-02-11",234.974810453477
"6618",6618,"2002-02-12",232.573895557347
"6619",6619,"2002-02-13",221.77566167469
"6620",6620,"2002-02-14",213.580459961378
"6621",6621,"2002-02-15",207.088340524904
"6622",6622,"2002-02-16",201.335351841694
"6623",6623,"2002-02-17",196.021224499474
"6624",6624,"2002-02-18",191.037829650503
"6625",6625,"2002-02-19",186.142153254944
"6626",6626,"2002-02-20",181.361057028058
"6627",6627,"2002-02-21",179.629250189312
"6628",6628,"2002-02-22",176.420615947069
"6629",6629,"2002-02-23",171.813885725882
"6630",6630,"2002-02-24",167.179618054406
"6631",6631,"2002-02-25",162.683822067814
"6632",6632,"2002-02-26",158.404732485332
"6633",6633,"2002-02-27",154.791249520421
"6634",6634,"2002-02-28",151.292608033938
"6635",6635,"2002-03-01",146.876047285983
"6636",6636,"2002-03-02",142.796274480281
"6637",6637,"2002-03-03",149.122192845204
"6638",6638,"2002-03-04",162.977376479816
"6639",6639,"2002-03-05",171.319572518647
"6640",6640,"2002-03-06",160.537774480191
"6641",6641,"2002-03-07",160.489834349328
"6642",6642,"2002-03-08",170.882531976778
"6643",6643,"2002-03-09",174.303214120052
"6644",6644,"2002-03-10",173.522558105582
"6645",6645,"2002-03-11",169.678651108741
"6646",6646,"2002-03-12",165.268965635749
"6647",6647,"2002-03-13",193.866132912121
"6648",6648,"2002-03-14",208.626296614234
"6649",6649,"2002-03-15",215.79328739232
"6650",6650,"2002-03-16",205.577535946026
"6651",6651,"2002-03-17",244.611852850905
"6652",6652,"2002-03-18",768.779618499126
"6653",6653,"2002-03-19",678.683909588421
"6654",6654,"2002-03-20",507.826287998946
"6655",6655,"2002-03-21",413.396853583386
"6656",6656,"2002-03-22",367.040862171067
"6657",6657,"2002-03-23",329.575810781635
"6658",6658,"2002-03-24",309.110616223437
"6659",6659,"2002-03-25",295.856940371932
"6660",6660,"2002-03-26",286.334228328428
"6661",6661,"2002-03-27",295.267001557723
"6662",6662,"2002-03-28",292.680365605052
"6663",6663,"2002-03-29",280.538908876398
"6664",6664,"2002-03-30",274.114681828561
"6665",6665,"2002-03-31",361.214319102143
"6666",6666,"2002-04-01",454.612215534028
"6667",6667,"2002-04-02",407.737958696554
"6668",6668,"2002-04-03",343.353413047038
"6669",6669,"2002-04-04",311.923654669546
"6670",6670,"2002-04-05",293.546990159693
"6671",6671,"2002-04-06",281.250546898985
"6672",6672,"2002-04-07",271.762479850471
"6673",6673,"2002-04-08",263.35454638401
"6674",6674,"2002-04-09",255.520603316214
"6675",6675,"2002-04-10",271.19405051465
"6676",6676,"2002-04-11",263.341839409359
"6677",6677,"2002-04-12",248.730560810266
"6678",6678,"2002-04-13",240.798178228219
"6679",6679,"2002-04-14",232.044643577011
"6680",6680,"2002-04-15",260.680397022645
"6681",6681,"2002-04-16",271.188982728799
"6682",6682,"2002-04-17",241.985911534746
"6683",6683,"2002-04-18",377.374541303664
"6684",6684,"2002-04-19",321.080585034127
"6685",6685,"2002-04-20",263.105396581366
"6686",6686,"2002-04-21",232.861323432798
"6687",6687,"2002-04-22",216.880131185061
"6688",6688,"2002-04-23",206.989933126091
"6689",6689,"2002-04-24",199.479133628193
"6690",6690,"2002-04-25",198.906954751977
"6691",6691,"2002-04-26",204.318512770281
"6692",6692,"2002-04-27",199.772353374141
"6693",6693,"2002-04-28",191.034380089472
"6694",6694,"2002-04-29",184.055864380164
"6695",6695,"2002-04-30",178.537007020085
"6696",6696,"2002-05-01",172.830743122768
"6697",6697,"2002-05-02",196.257566695733
"6698",6698,"2002-05-03",284.993918105606
"6699",6699,"2002-05-04",255.804472226395
"6700",6700,"2002-05-05",218.524560084786
"6701",6701,"2002-05-06",199.3032901611
"6702",6702,"2002-05-07",181.869708089356
"6703",6703,"2002-05-08",171.031305558058
"6704",6704,"2002-05-09",164.301480708173
"6705",6705,"2002-05-10",159.347549277849
"6706",6706,"2002-05-11",154.475650860094
"6707",6707,"2002-05-12",149.877018468428
"6708",6708,"2002-05-13",145.298846030706
"6709",6709,"2002-05-14",155.946309629097
"6710",6710,"2002-05-15",167.156043507986
"6711",6711,"2002-05-16",156.368908357667
"6712",6712,"2002-05-17",148.703307054504
"6713",6713,"2002-05-18",153.106280905143
"6714",6714,"2002-05-19",150.16781538944
"6715",6715,"2002-05-20",144.700289641216
"6716",6716,"2002-05-21",139.795210178191
"6717",6717,"2002-05-22",135.464374810664
"6718",6718,"2002-05-23",131.375113682855
"6719",6719,"2002-05-24",127.44181626358
"6720",6720,"2002-05-25",123.605850703656
"6721",6721,"2002-05-26",119.954355225821
"6722",6722,"2002-05-27",122.850396958933
"6723",6723,"2002-05-28",137.211243235201
"6724",6724,"2002-05-29",151.216367244781
"6725",6725,"2002-05-30",143.897759938119
"6726",6726,"2002-05-31",136.368444251729
"6727",6727,"2002-06-01",130.657174833185
"6728",6728,"2002-06-02",126.51906461183
"6729",6729,"2002-06-03",122.269605065105
"6730",6730,"2002-06-04",118.767829313549
"6731",6731,"2002-06-05",116.978321459071
"6732",6732,"2002-06-06",114.710446947484
"6733",6733,"2002-06-07",132.729158952466
"6734",6734,"2002-06-08",135.840771877021
"6735",6735,"2002-06-09",128.142922388787
"6736",6736,"2002-06-10",121.999152144668
"6737",6737,"2002-06-11",117.273540922924
"6738",6738,"2002-06-12",113.3713648906
"6739",6739,"2002-06-13",109.90023124972
"6740",6740,"2002-06-14",107.337694066232
"6741",6741,"2002-06-15",104.858938210344
"6742",6742,"2002-06-16",101.340899987537
"6743",6743,"2002-06-17",98.3301112518508
"6744",6744,"2002-06-18",95.5845927309248
"6745",6745,"2002-06-19",93.0742540593229
"6746",6746,"2002-06-20",90.1066669300331
"6747",6747,"2002-06-21",87.3899052427449
"6748",6748,"2002-06-22",84.8867287574616
"6749",6749,"2002-06-23",82.3713939875148
"6750",6750,"2002-06-24",79.9772137894618
"6751",6751,"2002-06-25",77.6191025607143
"6752",6752,"2002-06-26",76.4116786288347
"6753",6753,"2002-06-27",87.3383012244182
"6754",6754,"2002-06-28",115.535479887502
"6755",6755,"2002-06-29",114.677699385
"6756",6756,"2002-06-30",105.321198198929
"6757",6757,"2002-07-01",98.2066274032087
"6758",6758,"2002-07-02",94.4449888750099
"6759",6759,"2002-07-03",94.3612450271838
"6760",6760,"2002-07-04",118.983387926026
"6761",6761,"2002-07-05",140.070640845294
"6762",6762,"2002-07-06",156.640629313567
"6763",6763,"2002-07-07",135.499441743015
"6764",6764,"2002-07-08",119.378298342415
"6765",6765,"2002-07-09",109.850124007425
"6766",6766,"2002-07-10",103.900213809561
"6767",6767,"2002-07-11",100.25799218119
"6768",6768,"2002-07-12",96.9079382988635
"6769",6769,"2002-07-13",93.7858651140176
"6770",6770,"2002-07-14",92.2347975215607
"6771",6771,"2002-07-15",93.6549943264498
"6772",6772,"2002-07-16",90.173188100389
"6773",6773,"2002-07-17",87.0592423043749
"6774",6774,"2002-07-18",84.343057837885
"6775",6775,"2002-07-19",84.1144470576958
"6776",6776,"2002-07-20",82.4824954946369
"6777",6777,"2002-07-21",80.1217566483189
"6778",6778,"2002-07-22",79.4926119377307
"6779",6779,"2002-07-23",78.2730511180351
"6780",6780,"2002-07-24",81.8810094260021
"6781",6781,"2002-07-25",97.6787220327639
"6782",6782,"2002-07-26",102.876260196609
"6783",6783,"2002-07-27",105.404803063038
"6784",6784,"2002-07-28",100.526209771357
"6785",6785,"2002-07-29",96.1286076738956
"6786",6786,"2002-07-30",92.6466721037909
"6787",6787,"2002-07-31",89.9227023409037
"6788",6788,"2002-08-01",87.3269889471057
"6789",6789,"2002-08-02",84.7669572517739
"6790",6790,"2002-08-03",82.8936515078088
"6791",6791,"2002-08-04",81.3992768542098
"6792",6792,"2002-08-05",78.4676231338026
"6793",6793,"2002-08-06",77.3175967343301
"6794",6794,"2002-08-07",74.5048240396886
"6795",6795,"2002-08-08",72.3583036240858
"6796",6796,"2002-08-09",70.259906377175
"6797",6797,"2002-08-10",68.2147154820669
"6798",6798,"2002-08-11",66.1794268553807
"6799",6799,"2002-08-12",64.1574002105461
"6800",6800,"2002-08-13",62.2475662767635
"6801",6801,"2002-08-14",60.4240247297837
"6802",6802,"2002-08-15",58.590083941845
"6803",6803,"2002-08-16",57.3909513488639
"6804",6804,"2002-08-17",59.8053636123351
"6805",6805,"2002-08-18",61.6899535363858
"6806",6806,"2002-08-19",59.5166480842823
"6807",6807,"2002-08-20",57.1415889944547
"6808",6808,"2002-08-21",55.333952676074
"6809",6809,"2002-08-22",53.6191249113877
"6810",6810,"2002-08-23",51.9933645090055
"6811",6811,"2002-08-24",50.9074624750125
"6812",6812,"2002-08-25",57.6379791327713
"6813",6813,"2002-08-26",92.6590330434218
"6814",6814,"2002-08-27",93.5863758516239
"6815",6815,"2002-08-28",85.392248034189
"6816",6816,"2002-08-29",86.9389976934161
"6817",6817,"2002-08-30",81.2296531693537
"6818",6818,"2002-08-31",77.1196542562925
"6819",6819,"2002-09-01",75.3683983133964
"6820",6820,"2002-09-02",72.3231048873556
"6821",6821,"2002-09-03",69.5402566771238
"6822",6822,"2002-09-04",67.5339501358077
"6823",6823,"2002-09-05",65.5709478845808
"6824",6824,"2002-09-06",63.5116530991478
"6825",6825,"2002-09-07",61.6618371309632
"6826",6826,"2002-09-08",59.8525631571664
"6827",6827,"2002-09-09",58.1666030521078
"6828",6828,"2002-09-10",56.5022539898791
"6829",6829,"2002-09-11",54.7746159618482
"6830",6830,"2002-09-12",53.3249947003382
"6831",6831,"2002-09-13",51.8742421384969
"6832",6832,"2002-09-14",51.0181562471568
"6833",6833,"2002-09-15",58.2441333794508
"6834",6834,"2002-09-16",126.312147794817
"6835",6835,"2002-09-17",122.568034913164
"6836",6836,"2002-09-18",106.385163004126
"6837",6837,"2002-09-19",96.3184076280081
"6838",6838,"2002-09-20",89.8650648855047
"6839",6839,"2002-09-21",87.228192361619
"6840",6840,"2002-09-22",84.3758008174916
"6841",6841,"2002-09-23",114.456549353785
"6842",6842,"2002-09-24",106.397469362638
"6843",6843,"2002-09-25",96.5240478790518
"6844",6844,"2002-09-26",124.573622537546
"6845",6845,"2002-09-27",356.90170533833
"6846",6846,"2002-09-28",426.27287643812
"6847",6847,"2002-09-29",367.597391501937
"6848",6848,"2002-09-30",273.209672418541
"6849",6849,"2002-10-01",225.097794143223
"6850",6850,"2002-10-02",201.238761612
"6851",6851,"2002-10-03",188.231646363093
"6852",6852,"2002-10-04",179.841356321631
"6853",6853,"2002-10-05",173.923945116795
"6854",6854,"2002-10-06",168.137955930517
"6855",6855,"2002-10-07",163.106920425882
"6856",6856,"2002-10-08",158.568909679296
"6857",6857,"2002-10-09",154.655438476045
"6858",6858,"2002-10-10",150.433781329452
"6859",6859,"2002-10-11",159.187879135198
"6860",6860,"2002-10-12",165.115071734417
"6861",6861,"2002-10-13",162.025592068871
"6862",6862,"2002-10-14",164.439926176374
"6863",6863,"2002-10-15",161.143962445559
"6864",6864,"2002-10-16",386.056139995643
"6865",6865,"2002-10-17",387.744107194571
"6866",6866,"2002-10-18",300.657134646445
"6867",6867,"2002-10-19",255.709214056331
"6868",6868,"2002-10-20",232.653723595542
"6869",6869,"2002-10-21",223.448092765845
"6870",6870,"2002-10-22",215.504863282877
"6871",6871,"2002-10-23",208.468074237541
"6872",6872,"2002-10-24",202.424254400379
"6873",6873,"2002-10-25",197.000790629621
"6874",6874,"2002-10-26",208.556957064639
"6875",6875,"2002-10-27",204.229636598186
"6876",6876,"2002-10-28",194.799707869777
"6877",6877,"2002-10-29",208.040912545537
"6878",6878,"2002-10-30",289.197549769448
"6879",6879,"2002-10-31",285.272607809031
"6880",6880,"2002-11-01",252.787002632625
"6881",6881,"2002-11-02",234.014143224992
"6882",6882,"2002-11-03",222.95742498852
"6883",6883,"2002-11-04",215.733974514355
"6884",6884,"2002-11-05",210.284796058678
"6885",6885,"2002-11-06",409.648606880208
"6886",6886,"2002-11-07",415.921806367359
"6887",6887,"2002-11-08",316.709222454389
"6888",6888,"2002-11-09",264.084698326338
"6889",6889,"2002-11-10",238.239066062911
"6890",6890,"2002-11-11",390.452611554066
"6891",6891,"2002-11-12",429.453827475394
"6892",6892,"2002-11-13",389.999263327249
"6893",6893,"2002-11-14",347.158266562225
"6894",6894,"2002-11-15",306.799599546743
"6895",6895,"2002-11-16",305.52508664659
"6896",6896,"2002-11-17",919.597098140596
"6897",6897,"2002-11-18",602.523474466948
"6898",6898,"2002-11-19",441.024614400496
"6899",6899,"2002-11-20",363.075206204564
"6900",6900,"2002-11-21",350.129159040617
"6901",6901,"2002-11-22",361.665312163237
"6902",6902,"2002-11-23",342.088024813334
"6903",6903,"2002-11-24",324.80199669248
"6904",6904,"2002-11-25",313.483726195581
"6905",6905,"2002-11-26",305.868294399338
"6906",6906,"2002-11-27",298.479315160316
"6907",6907,"2002-11-28",291.607666419163
"6908",6908,"2002-11-29",284.171642651537
"6909",6909,"2002-11-30",276.834783289474
"6910",6910,"2002-12-01",269.75996780108
"6911",6911,"2002-12-02",262.868542504352
"6912",6912,"2002-12-03",256.051585043109
"6913",6913,"2002-12-04",249.527276509936
"6914",6914,"2002-12-05",259.576594211609
"6915",6915,"2002-12-06",244.403739569976
"6916",6916,"2002-12-07",234.691446214462
"6917",6917,"2002-12-08",227.160103827149
"6918",6918,"2002-12-09",221.030042745886
"6919",6919,"2002-12-10",215.427762283984
"6920",6920,"2002-12-11",217.15632732892
"6921",6921,"2002-12-12",204.648629978123
"6922",6922,"2002-12-13",202.4351755651
"6923",6923,"2002-12-14",208.744595468281
"6924",6924,"2002-12-15",201.843577083544
"6925",6925,"2002-12-16",202.862692644422
"6926",6926,"2002-12-17",204.607691768973
"6927",6927,"2002-12-18",197.413693924281
"6928",6928,"2002-12-19",192.396375593715
"6929",6929,"2002-12-20",250.428370105283
"6930",6930,"2002-12-21",301.617049002349
"6931",6931,"2002-12-22",286.319894356451
"6932",6932,"2002-12-23",278.647778560231
"6933",6933,"2002-12-24",306.197735620067
"6934",6934,"2002-12-25",317.240679358682
"6935",6935,"2002-12-26",291.604403652006
"6936",6936,"2002-12-27",269.34367771418
"6937",6937,"2002-12-28",255.775807307443
"6938",6938,"2002-12-29",246.540600730692
"6939",6939,"2002-12-30",243.15405190332
"6940",6940,"2002-12-31",253.518865415251
"6941",6941,"2003-01-01",511.304974858069
"6942",6942,"2003-01-02",565.712777242229
"6943",6943,"2003-01-03",832.699914016284
"6944",6944,"2003-01-04",604.336670849921
"6945",6945,"2003-01-05",429.844772179703
"6946",6946,"2003-01-06",349.453248207484
"6947",6947,"2003-01-07",318.098048264287
"6948",6948,"2003-01-08",294.167195228079
"6949",6949,"2003-01-09",308.991308732889
"6950",6950,"2003-01-10",445.364721247903
"6951",6951,"2003-01-11",487.821554808518
"6952",6952,"2003-01-12",364.761055952508
"6953",6953,"2003-01-13",305.180437429973
"6954",6954,"2003-01-14",275.690374918674
"6955",6955,"2003-01-15",259.695721714537
"6956",6956,"2003-01-16",249.812807860384
"6957",6957,"2003-01-17",244.688571136627
"6958",6958,"2003-01-18",236.327442719446
"6959",6959,"2003-01-19",229.891908970383
"6960",6960,"2003-01-20",223.991429508409
"6961",6961,"2003-01-21",218.700054214565
"6962",6962,"2003-01-22",213.244691142299
"6963",6963,"2003-01-23",230.667729468739
"6964",6964,"2003-01-24",261.786129784958
"6965",6965,"2003-01-25",227.627684688377
"6966",6966,"2003-01-26",206.614419360318
"6967",6967,"2003-01-27",195.13871994475
"6968",6968,"2003-01-28",187.623210115405
"6969",6969,"2003-01-29",185.22589366082
"6970",6970,"2003-01-30",186.208252321563
"6971",6971,"2003-01-31",183.427385981725
"6972",6972,"2003-02-01",174.122577688539
"6973",6973,"2003-02-02",185.667728377108
"6974",6974,"2003-02-03",257.250379924867
"6975",6975,"2003-02-04",402.413566010047
"6976",6976,"2003-02-05",416.737359157817
"6977",6977,"2003-02-06",304.881670889109
"6978",6978,"2003-02-07",235.836641287449
"6979",6979,"2003-02-08",195.604689135329
"6980",6980,"2003-02-09",177.361286904
"6981",6981,"2003-02-10",167.95922731735
"6982",6982,"2003-02-11",161.979833418201
"6983",6983,"2003-02-12",173.573027491034
"6984",6984,"2003-02-13",210.207570127203
"6985",6985,"2003-02-14",228.248255177004
"6986",6986,"2003-02-15",642.422854521269
"6987",6987,"2003-02-16",1592.91443275087
"6988",6988,"2003-02-17",1300.24692224473
"6989",6989,"2003-02-18",647.921604743471
"6990",6990,"2003-02-19",382.862733915969
"6991",6991,"2003-02-20",296.702232309969
"6992",6992,"2003-02-21",318.594127114773
"6993",6993,"2003-02-22",1724.98207869493
"6994",6994,"2003-02-23",2179.82916536675
"6995",6995,"2003-02-24",1416.8239377929
"6996",6996,"2003-02-25",840.80854178569
"6997",6997,"2003-02-26",714.692627660406
"6998",6998,"2003-02-27",530.116608842172
"6999",6999,"2003-02-28",397.894234802061
"7000",7000,"2003-03-01",463.107887368497
"7001",7001,"2003-03-02",845.505577794916
"7002",7002,"2003-03-03",1017.73799624335
"7003",7003,"2003-03-04",746.519961798674
"7004",7004,"2003-03-05",639.462619729924
"7005",7005,"2003-03-06",2413.89291736412
"7006",7006,"2003-03-07",1701.63964834193
"7007",7007,"2003-03-08",1415.08687193776
"7008",7008,"2003-03-09",920.483054273019
"7009",7009,"2003-03-10",618.616868929285
"7010",7010,"2003-03-11",449.241686122017
"7011",7011,"2003-03-12",358.290850840523
"7012",7012,"2003-03-13",326.194559489015
"7013",7013,"2003-03-14",474.647158108595
"7014",7014,"2003-03-15",426.07335617954
"7015",7015,"2003-03-16",719.699283010172
"7016",7016,"2003-03-17",622.912254701707
"7017",7017,"2003-03-18",535.466450063838
"7018",7018,"2003-03-19",462.450088734839
"7019",7019,"2003-03-20",762.968504452903
"7020",7020,"2003-03-21",647.113276615706
"7021",7021,"2003-03-22",537.375885423357
"7022",7022,"2003-03-23",454.716984108713
"7023",7023,"2003-03-24",411.385487958142
"7024",7024,"2003-03-25",387.548989271817
"7025",7025,"2003-03-26",371.753922825888
"7026",7026,"2003-03-27",359.490896711858
"7027",7027,"2003-03-28",348.525176988883
"7028",7028,"2003-03-29",338.990055025925
"7029",7029,"2003-03-30",403.589365482018
"7030",7030,"2003-03-31",467.011007266987
"7031",7031,"2003-04-01",421.653592156134
"7032",7032,"2003-04-02",419.803442550395
"7033",7033,"2003-04-03",414.934168372292
"7034",7034,"2003-04-04",392.859020962996
"7035",7035,"2003-04-05",385.28372549829
"7036",7036,"2003-04-06",374.828346401064
"7037",7037,"2003-04-07",381.467391193012
"7038",7038,"2003-04-08",473.957779664058
"7039",7039,"2003-04-09",438.18513234482
"7040",7040,"2003-04-10",598.002732549279
"7041",7041,"2003-04-11",1047.26560543239
"7042",7042,"2003-04-12",739.532582026838
"7043",7043,"2003-04-13",707.405059899266
"7044",7044,"2003-04-14",636.935020472535
"7045",7045,"2003-04-15",586.439752297255
"7046",7046,"2003-04-16",551.429394491177
"7047",7047,"2003-04-17",524.692470798467
"7048",7048,"2003-04-18",745.847237956398
"7049",7049,"2003-04-19",888.398601216421
"7050",7050,"2003-04-20",764.237863102564
"7051",7051,"2003-04-21",640.667011067048
"7052",7052,"2003-04-22",591.032706104751
"7053",7053,"2003-04-23",558.480091386542
"7054",7054,"2003-04-24",532.920399151333
"7055",7055,"2003-04-25",513.130301952813
"7056",7056,"2003-04-26",496.898916780909
"7057",7057,"2003-04-27",481.808096210597
"7058",7058,"2003-04-28",467.533298969804
"7059",7059,"2003-04-29",453.81023965838
"7060",7060,"2003-04-30",450.305499919114
"7061",7061,"2003-05-01",833.576105946417
"7062",7062,"2003-05-02",877.489612280121
"7063",7063,"2003-05-03",743.641722661124
"7064",7064,"2003-05-04",684.801800431222
"7065",7065,"2003-05-05",561.201497782901
"7066",7066,"2003-05-06",563.277032372237
"7067",7067,"2003-05-07",563.861865940987
"7068",7068,"2003-05-08",501.306118122259
"7069",7069,"2003-05-09",465.421137857918
"7070",7070,"2003-05-10",442.10137555907
"7071",7071,"2003-05-11",425.276813610817
"7072",7072,"2003-05-12",412.055434798165
"7073",7073,"2003-05-13",399.320465770023
"7074",7074,"2003-05-14",387.464306861662
"7075",7075,"2003-05-15",376.111076366233
"7076",7076,"2003-05-16",369.443372453253
"7077",7077,"2003-05-17",400.859419152096
"7078",7078,"2003-05-18",393.429842873732
"7079",7079,"2003-05-19",378.505464870965
"7080",7080,"2003-05-20",357.681064030275
"7081",7081,"2003-05-21",343.253331259201
"7082",7082,"2003-05-22",333.886264139436
"7083",7083,"2003-05-23",328.662824441342
"7084",7084,"2003-05-24",341.050558380323
"7085",7085,"2003-05-25",341.177832112805
"7086",7086,"2003-05-26",379.737052992738
"7087",7087,"2003-05-27",349.577693663928
"7088",7088,"2003-05-28",320.901399443991
"7089",7089,"2003-05-29",303.486085813075
"7090",7090,"2003-05-30",302.038292328357
"7091",7091,"2003-05-31",316.340552906891
"7092",7092,"2003-06-01",340.421765280843
"7093",7093,"2003-06-02",314.956709275287
"7094",7094,"2003-06-03",292.248642411699
"7095",7095,"2003-06-04",361.109644554604
"7096",7096,"2003-06-05",341.028946001451
"7097",7097,"2003-06-06",304.229003415093
"7098",7098,"2003-06-07",414.490027747396
"7099",7099,"2003-06-08",1599.16392645693
"7100",7100,"2003-06-09",865.039366321892
"7101",7101,"2003-06-10",557.504290778885
"7102",7102,"2003-06-11",408.63618605209
"7103",7103,"2003-06-12",431.132171790042
"7104",7104,"2003-06-13",576.443789127109
"7105",7105,"2003-06-14",457.628016687945
"7106",7106,"2003-06-15",427.21903076576
"7107",7107,"2003-06-16",369.225897698635
"7108",7108,"2003-06-17",559.5564757307
"7109",7109,"2003-06-18",1057.52112421039
"7110",7110,"2003-06-19",953.20539524886
"7111",7111,"2003-06-20",666.184863138344
"7112",7112,"2003-06-21",462.778905847239
"7113",7113,"2003-06-22",365.8282884052
"7114",7114,"2003-06-23",320.599656603658
"7115",7115,"2003-06-24",296.60009568869
"7116",7116,"2003-06-25",281.378256836755
"7117",7117,"2003-06-26",270.44622479647
"7118",7118,"2003-06-27",261.98750215143
"7119",7119,"2003-06-28",255.93637905194
"7120",7120,"2003-06-29",247.413207579705
"7121",7121,"2003-06-30",240.25789482184
"7122",7122,"2003-07-01",239.475599710037
"7123",7123,"2003-07-02",485.544011190622
"7124",7124,"2003-07-03",1229.24596411198
"7125",7125,"2003-07-04",1040.75876341201
"7126",7126,"2003-07-05",634.19875345135
"7127",7127,"2003-07-06",459.55398832173
"7128",7128,"2003-07-07",591.151676257158
"7129",7129,"2003-07-08",507.462437128383
"7130",7130,"2003-07-09",405.373951799409
"7131",7131,"2003-07-10",356.897738048207
"7132",7132,"2003-07-11",342.41625623493
"7133",7133,"2003-07-12",329.680878680268
"7134",7134,"2003-07-13",324.857119841841
"7135",7135,"2003-07-14",317.257682844507
"7136",7136,"2003-07-15",302.992295779936
"7137",7137,"2003-07-16",290.803295346931
"7138",7138,"2003-07-17",281.58575967228
"7139",7139,"2003-07-18",272.933043396896
"7140",7140,"2003-07-19",264.508047910822
"7141",7141,"2003-07-20",256.957027330915
"7142",7142,"2003-07-21",249.839287215391
"7143",7143,"2003-07-22",243.69594617368
"7144",7144,"2003-07-23",253.100404788583
"7145",7145,"2003-07-24",247.44219375387
"7146",7146,"2003-07-25",236.898212751397
"7147",7147,"2003-07-26",228.114242597151
"7148",7148,"2003-07-27",220.683882641603
"7149",7149,"2003-07-28",213.946265840316
"7150",7150,"2003-07-29",207.895343752209
"7151",7151,"2003-07-30",257.940124697146
"7152",7152,"2003-07-31",255.88180877211
"7153",7153,"2003-08-01",307.644935700226
"7154",7154,"2003-08-02",525.997280706984
"7155",7155,"2003-08-03",421.053546658993
"7156",7156,"2003-08-04",409.582084867894
"7157",7157,"2003-08-05",512.7157561829
"7158",7158,"2003-08-06",425.108251878121
"7159",7159,"2003-08-07",333.029672155178
"7160",7160,"2003-08-08",355.15894622776
"7161",7161,"2003-08-09",674.833404961385
"7162",7162,"2003-08-10",883.780866037958
"7163",7163,"2003-08-11",693.474240576729
"7164",7164,"2003-08-12",722.172692633817
"7165",7165,"2003-08-13",494.971664260443
"7166",7166,"2003-08-14",384.994136813493
"7167",7167,"2003-08-15",333.67310334017
"7168",7168,"2003-08-16",454.16266383597
"7169",7169,"2003-08-17",463.126095763036
"7170",7170,"2003-08-18",372.289581962126
"7171",7171,"2003-08-19",326.496608661217
"7172",7172,"2003-08-20",302.295288935772
"7173",7173,"2003-08-21",286.749619082233
"7174",7174,"2003-08-22",275.689997953008
"7175",7175,"2003-08-23",273.403036193052
"7176",7176,"2003-08-24",269.165554555163
"7177",7177,"2003-08-25",258.157746567695
"7178",7178,"2003-08-26",248.960053847413
"7179",7179,"2003-08-27",240.990471958688
"7180",7180,"2003-08-28",235.280065875716
"7181",7181,"2003-08-29",231.086633207783
"7182",7182,"2003-08-30",225.752090580815
"7183",7183,"2003-08-31",230.051461390039
"7184",7184,"2003-09-01",462.106404897194
"7185",7185,"2003-09-02",367.164278723498
"7186",7186,"2003-09-03",280.539394540469
"7187",7187,"2003-09-04",238.43487736654
"7188",7188,"2003-09-05",234.24498238803
"7189",7189,"2003-09-06",253.492754555905
"7190",7190,"2003-09-07",254.055084277693
"7191",7191,"2003-09-08",223.637314102617
"7192",7192,"2003-09-09",206.151933157042
"7193",7193,"2003-09-10",195.366411744457
"7194",7194,"2003-09-11",187.90492174541
"7195",7195,"2003-09-12",181.838390294066
"7196",7196,"2003-09-13",176.382908389639
"7197",7197,"2003-09-14",171.133964849265
"7198",7198,"2003-09-15",166.62789489713
"7199",7199,"2003-09-16",162.201809829545
"7200",7200,"2003-09-17",157.568196566835
"7201",7201,"2003-09-18",153.489510543518
"7202",7202,"2003-09-19",154.369465475306
"7203",7203,"2003-09-20",150.990930281565
"7204",7204,"2003-09-21",146.26934345694
"7205",7205,"2003-09-22",141.990295165736
"7206",7206,"2003-09-23",1068.77379320308
"7207",7207,"2003-09-24",466.872028642184
"7208",7208,"2003-09-25",287.159003845817
"7209",7209,"2003-09-26",204.096540997273
"7210",7210,"2003-09-27",166.709543583196
"7211",7211,"2003-09-28",417.398015762948
"7212",7212,"2003-09-29",336.63481130749
"7213",7213,"2003-09-30",234.45253800984
"7214",7214,"2003-10-01",184.217457718252
"7215",7215,"2003-10-02",160.864895776469
"7216",7216,"2003-10-03",150.144810904647
"7217",7217,"2003-10-04",142.778245165861
"7218",7218,"2003-10-05",137.215761479021
"7219",7219,"2003-10-06",132.680056288127
"7220",7220,"2003-10-07",128.64646860796
"7221",7221,"2003-10-08",124.894260210913
"7222",7222,"2003-10-09",121.963023441656
"7223",7223,"2003-10-10",233.196928700102
"7224",7224,"2003-10-11",221.841087930447
"7225",7225,"2003-10-12",167.839773215038
"7226",7226,"2003-10-13",142.949512006595
"7227",7227,"2003-10-14",128.734775978845
"7228",7228,"2003-10-15",175.64333860775
"7229",7229,"2003-10-16",206.086495154194
"7230",7230,"2003-10-17",159.401962055907
"7231",7231,"2003-10-18",135.991258668183
"7232",7232,"2003-10-19",121.888542452454
"7233",7233,"2003-10-20",113.760347835737
"7234",7234,"2003-10-21",108.53892947927
"7235",7235,"2003-10-22",104.580826478927
"7236",7236,"2003-10-23",101.393788734296
"7237",7237,"2003-10-24",98.5106034159761
"7238",7238,"2003-10-25",95.722595626208
"7239",7239,"2003-10-26",93.1323634654506
"7240",7240,"2003-10-27",152.900694761302
"7241",7241,"2003-10-28",156.506408058993
"7242",7242,"2003-10-29",142.258136657404
"7243",7243,"2003-10-30",129.938068131076
"7244",7244,"2003-10-31",121.355695090867
"7245",7245,"2003-11-01",115.625073257321
"7246",7246,"2003-11-02",111.377038748705
"7247",7247,"2003-11-03",107.810704004424
"7248",7248,"2003-11-04",104.58011968721
"7249",7249,"2003-11-05",102.037214494452
"7250",7250,"2003-11-06",354.922828990816
"7251",7251,"2003-11-07",586.59849683971
"7252",7252,"2003-11-08",401.637359017269
"7253",7253,"2003-11-09",260.014718863778
"7254",7254,"2003-11-10",193.599502429586
"7255",7255,"2003-11-11",163.509226130202
"7256",7256,"2003-11-12",150.489127824795
"7257",7257,"2003-11-13",143.822829983162
"7258",7258,"2003-11-14",137.861606766859
"7259",7259,"2003-11-15",133.581645378802
"7260",7260,"2003-11-16",133.007560297575
"7261",7261,"2003-11-17",150.291306407337
"7262",7262,"2003-11-18",153.905744919964
"7263",7263,"2003-11-19",2852.67626260945
"7264",7264,"2003-11-20",4024.79893313066
"7265",7265,"2003-11-21",2270.97031829615
"7266",7266,"2003-11-22",1101.96095326374
"7267",7267,"2003-11-23",628.588274276112
"7268",7268,"2003-11-24",425.264543496871
"7269",7269,"2003-11-25",329.07974246824
"7270",7270,"2003-11-26",285.614701100625
"7271",7271,"2003-11-27",262.690153800576
"7272",7272,"2003-11-28",359.754408165247
"7273",7273,"2003-11-29",453.784014403541
"7274",7274,"2003-11-30",492.709267029228
"7275",7275,"2003-12-01",363.668161651601
"7276",7276,"2003-12-02",296.770159486129
"7277",7277,"2003-12-03",263.793856836963
"7278",7278,"2003-12-04",248.865166593011
"7279",7279,"2003-12-05",249.133048770956
"7280",7280,"2003-12-06",236.28461015321
"7281",7281,"2003-12-07",237.147851646448
"7282",7282,"2003-12-08",235.771305680919
"7283",7283,"2003-12-09",228.753760790806
"7284",7284,"2003-12-10",226.761254540531
"7285",7285,"2003-12-11",771.055110611083
"7286",7286,"2003-12-12",923.026277716154
"7287",7287,"2003-12-13",543.045375530944
"7288",7288,"2003-12-14",378.783204421261
"7289",7289,"2003-12-15",315.647437677383
"7290",7290,"2003-12-16",304.473019083509
"7291",7291,"2003-12-17",289.927241205639
"7292",7292,"2003-12-18",284.577226147191
"7293",7293,"2003-12-19",265.227416225187
"7294",7294,"2003-12-20",249.656379965294
"7295",7295,"2003-12-21",239.228953146965
"7296",7296,"2003-12-22",231.849870958236
"7297",7297,"2003-12-23",232.213451595287
"7298",7298,"2003-12-24",324.325351311926
"7299",7299,"2003-12-25",418.731287562366
"7300",7300,"2003-12-26",315.274312806106
"7301",7301,"2003-12-27",260.052593350902
"7302",7302,"2003-12-28",244.39266463432
"7303",7303,"2003-12-29",271.383363206482
"7304",7304,"2003-12-30",405.645622641109
"7305",7305,"2003-12-31",499.677803105688
"7306",7306,"2004-01-01",342.318811190087
"7307",7307,"2004-01-02",689.90179952812
"7308",7308,"2004-01-03",1119.41477396012
"7309",7309,"2004-01-04",957.285402693884
"7310",7310,"2004-01-05",621.821167284911
"7311",7311,"2004-01-06",450.835648056292
"7312",7312,"2004-01-07",377.48946576798
"7313",7313,"2004-01-08",320.308268546839
"7314",7314,"2004-01-09",292.90225610634
"7315",7315,"2004-01-10",279.011756531294
"7316",7316,"2004-01-11",267.226952025526
"7317",7317,"2004-01-12",259.001622855213
"7318",7318,"2004-01-13",252.114433468785
"7319",7319,"2004-01-14",245.873056952258
"7320",7320,"2004-01-15",240.06374515181
"7321",7321,"2004-01-16",234.062076045434
"7322",7322,"2004-01-17",228.440483365764
"7323",7323,"2004-01-18",224.935274297438
"7324",7324,"2004-01-19",217.674285968455
"7325",7325,"2004-01-20",212.654750563506
"7326",7326,"2004-01-21",207.065445393933
"7327",7327,"2004-01-22",201.598587263651
"7328",7328,"2004-01-23",196.318093658251
"7329",7329,"2004-01-24",191.206596478334
"7330",7330,"2004-01-25",186.178029425747
"7331",7331,"2004-01-26",189.838271308657
"7332",7332,"2004-01-27",178.339813441793
"7333",7333,"2004-01-28",172.230665308522
"7334",7334,"2004-01-29",167.971240457376
"7335",7335,"2004-01-30",165.041479334511
"7336",7336,"2004-01-31",164.192413151896
"7337",7337,"2004-02-01",158.236162030548
"7338",7338,"2004-02-02",153.591788230723
"7339",7339,"2004-02-03",155.867709086296
"7340",7340,"2004-02-04",146.00088491528
"7341",7341,"2004-02-05",147.50160322999
"7342",7342,"2004-02-06",160.950884634571
"7343",7343,"2004-02-07",178.995823946352
"7344",7344,"2004-02-08",187.62869293153
"7345",7345,"2004-02-09",160.453378235225
"7346",7346,"2004-02-10",154.281286213255
"7347",7347,"2004-02-11",202.09996561514
"7348",7348,"2004-02-12",269.601176068594
"7349",7349,"2004-02-13",326.110248297022
"7350",7350,"2004-02-14",428.037870523391
"7351",7351,"2004-02-15",432.513311271525
"7352",7352,"2004-02-16",345.693457189173
"7353",7353,"2004-02-17",251.883923879716
"7354",7354,"2004-02-18",193.111073002491
"7355",7355,"2004-02-19",208.97973285666
"7356",7356,"2004-02-20",464.84716676885
"7357",7357,"2004-02-21",1001.46610770633
"7358",7358,"2004-02-22",1073.02921648075
"7359",7359,"2004-02-23",817.583087554194
"7360",7360,"2004-02-24",702.215713687878
"7361",7361,"2004-02-25",662.182577825957
"7362",7362,"2004-02-26",604.67640640454
"7363",7363,"2004-02-27",463.766949595907
"7364",7364,"2004-02-28",299.461472759259
"7365",7365,"2004-02-29",257.104213391144
"7366",7366,"2004-03-01",382.21643336533
"7367",7367,"2004-03-02",862.306743772701
"7368",7368,"2004-03-03",1425.48081526103
"7369",7369,"2004-03-04",1157.41035272115
"7370",7370,"2004-03-05",822.70693012019
"7371",7371,"2004-03-06",813.522428021962
"7372",7372,"2004-03-07",658.487169387297
"7373",7373,"2004-03-08",491.866628421278
"7374",7374,"2004-03-09",374.638628913548
"7375",7375,"2004-03-10",318.127423806625
"7376",7376,"2004-03-11",289.110989236385
"7377",7377,"2004-03-12",273.399498352379
"7378",7378,"2004-03-13",263.573146086455
"7379",7379,"2004-03-14",256.394483287735
"7380",7380,"2004-03-15",251.59447847918
"7381",7381,"2004-03-16",390.092760895732
"7382",7382,"2004-03-17",381.789702786527
"7383",7383,"2004-03-18",318.91509056573
"7384",7384,"2004-03-19",310.093447086992
"7385",7385,"2004-03-20",287.407767809456
"7386",7386,"2004-03-21",270.256946791327
"7387",7387,"2004-03-22",259.063037857484
"7388",7388,"2004-03-23",250.424317913438
"7389",7389,"2004-03-24",243.240663155584
"7390",7390,"2004-03-25",236.748999687744
"7391",7391,"2004-03-26",230.56843529059
"7392",7392,"2004-03-27",224.39604460009
"7393",7393,"2004-03-28",218.293252298522
"7394",7394,"2004-03-29",212.165254974456
"7395",7395,"2004-03-30",206.643365301956
"7396",7396,"2004-03-31",249.122875739647
"7397",7397,"2004-04-01",363.79409677028
"7398",7398,"2004-04-02",371.860260973278
"7399",7399,"2004-04-03",304.510088617601
"7400",7400,"2004-04-04",267.250025026615
"7401",7401,"2004-04-05",248.616193097567
"7402",7402,"2004-04-06",235.621026404894
"7403",7403,"2004-04-07",226.209240932647
"7404",7404,"2004-04-08",218.618208500035
"7405",7405,"2004-04-09",211.997028764899
"7406",7406,"2004-04-10",205.883626067149
"7407",7407,"2004-04-11",199.986767129235
"7408",7408,"2004-04-12",233.175949101232
"7409",7409,"2004-04-13",658.774026192787
"7410",7410,"2004-04-14",963.005627882932
"7411",7411,"2004-04-15",725.4685337008
"7412",7412,"2004-04-16",492.913717637735
"7413",7413,"2004-04-17",381.860589725478
"7414",7414,"2004-04-18",328.983058009733
"7415",7415,"2004-04-19",302.858809147097
"7416",7416,"2004-04-20",286.689106085141
"7417",7417,"2004-04-21",275.741490898303
"7418",7418,"2004-04-22",266.174399705875
"7419",7419,"2004-04-23",257.915847392345
"7420",7420,"2004-04-24",250.232220404764
"7421",7421,"2004-04-25",243.459609271175
"7422",7422,"2004-04-26",266.938713499956
"7423",7423,"2004-04-27",313.194361512182
"7424",7424,"2004-04-28",384.723666191753
"7425",7425,"2004-04-29",322.944198318768
"7426",7426,"2004-04-30",285.850951437656
"7427",7427,"2004-05-01",265.029581699387
"7428",7428,"2004-05-02",252.758766507707
"7429",7429,"2004-05-03",244.905842964028
"7430",7430,"2004-05-04",237.210377379037
"7431",7431,"2004-05-05",229.443379571752
"7432",7432,"2004-05-06",222.399912027834
"7433",7433,"2004-05-07",215.71814619139
"7434",7434,"2004-05-08",209.517985881697
"7435",7435,"2004-05-09",204.226846134675
"7436",7436,"2004-05-10",198.473428405348
"7437",7437,"2004-05-11",193.037768532359
"7438",7438,"2004-05-12",203.599177428437
"7439",7439,"2004-05-13",237.687405371927
"7440",7440,"2004-05-14",210.869439253969
"7441",7441,"2004-05-15",192.704135566359
"7442",7442,"2004-05-16",180.522499198223
"7443",7443,"2004-05-17",184.660035173365
"7444",7444,"2004-05-18",199.795305677649
"7445",7445,"2004-05-19",223.058886782269
"7446",7446,"2004-05-20",202.150154582906
"7447",7447,"2004-05-21",185.999083113269
"7448",7448,"2004-05-22",176.119527061752
"7449",7449,"2004-05-23",174.702554263661
"7450",7450,"2004-05-24",177.160270277763
"7451",7451,"2004-05-25",173.899806962086
"7452",7452,"2004-05-26",164.936270773285
"7453",7453,"2004-05-27",232.402566653655
"7454",7454,"2004-05-28",218.931658955192
"7455",7455,"2004-05-29",186.298809638519
"7456",7456,"2004-05-30",167.483646435
"7457",7457,"2004-05-31",225.156255533542
"7458",7458,"2004-06-01",248.063463219626
"7459",7459,"2004-06-02",201.519577034746
"7460",7460,"2004-06-03",173.891578402063
"7461",7461,"2004-06-04",174.284417765958
"7462",7462,"2004-06-05",627.60784748248
"7463",7463,"2004-06-06",668.138842811897
"7464",7464,"2004-06-07",386.504330039467
"7465",7465,"2004-06-08",260.290393799792
"7466",7466,"2004-06-09",609.260280013114
"7467",7467,"2004-06-10",938.423876141794
"7468",7468,"2004-06-11",497.095293558245
"7469",7469,"2004-06-12",311.232269438682
"7470",7470,"2004-06-13",491.445789790121
"7471",7471,"2004-06-14",619.881979215721
"7472",7472,"2004-06-15",382.57378769118
"7473",7473,"2004-06-16",424.883018749624
"7474",7474,"2004-06-17",477.111279312349
"7475",7475,"2004-06-18",318.983071586926
"7476",7476,"2004-06-19",243.177200932792
"7477",7477,"2004-06-20",208.597999838025
"7478",7478,"2004-06-21",187.430418923356
"7479",7479,"2004-06-22",186.563494792684
"7480",7480,"2004-06-23",266.610079904344
"7481",7481,"2004-06-24",234.590564364014
"7482",7482,"2004-06-25",202.788269831051
"7483",7483,"2004-06-26",560.065193947043
"7484",7484,"2004-06-27",509.394751687196
"7485",7485,"2004-06-28",328.47017507147
"7486",7486,"2004-06-29",242.691907878187
"7487",7487,"2004-06-30",201.072372788657
"7488",7488,"2004-07-01",180.926083570889
"7489",7489,"2004-07-02",169.552396449017
"7490",7490,"2004-07-03",224.029784819601
"7491",7491,"2004-07-04",241.856180088973
"7492",7492,"2004-07-05",256.463827778166
"7493",7493,"2004-07-06",243.272149645151
"7494",7494,"2004-07-07",197.253894966962
"7495",7495,"2004-07-08",171.939757823687
"7496",7496,"2004-07-09",158.601824121058
"7497",7497,"2004-07-10",151.121349764043
"7498",7498,"2004-07-11",144.931171507199
"7499",7499,"2004-07-12",150.526238347664
"7500",7500,"2004-07-13",149.632553284715
"7501",7501,"2004-07-14",143.64210829701
"7502",7502,"2004-07-15",138.660012232647
"7503",7503,"2004-07-16",134.545170175426
"7504",7504,"2004-07-17",130.595996133987
"7505",7505,"2004-07-18",129.956594957492
"7506",7506,"2004-07-19",133.737081426152
"7507",7507,"2004-07-20",129.238649604068
"7508",7508,"2004-07-21",124.65820528901
"7509",7509,"2004-07-22",120.599035908055
"7510",7510,"2004-07-23",116.967101252736
"7511",7511,"2004-07-24",113.7472846671
"7512",7512,"2004-07-25",111.259231860816
"7513",7513,"2004-07-26",109.987597512233
"7514",7514,"2004-07-27",134.087179377205
"7515",7515,"2004-07-28",141.457237632051
"7516",7516,"2004-07-29",133.293968394435
"7517",7517,"2004-07-30",126.693210599051
"7518",7518,"2004-07-31",121.310384422826
"7519",7519,"2004-08-01",117.136127983698
"7520",7520,"2004-08-02",114.486126925924
"7521",7521,"2004-08-03",122.915652649952
"7522",7522,"2004-08-04",122.486885942303
"7523",7523,"2004-08-05",118.594214642721
"7524",7524,"2004-08-06",117.790787900489
"7525",7525,"2004-08-07",138.621281064957
"7526",7526,"2004-08-08",129.434736485379
"7527",7527,"2004-08-09",119.695924006165
"7528",7528,"2004-08-10",113.141123200749
"7529",7529,"2004-08-11",108.574441696957
"7530",7530,"2004-08-12",106.581066610649
"7531",7531,"2004-08-13",131.995638972911
"7532",7532,"2004-08-14",128.731237129839
"7533",7533,"2004-08-15",116.761001080388
"7534",7534,"2004-08-16",108.580518194933
"7535",7535,"2004-08-17",103.187844538115
"7536",7536,"2004-08-18",99.3482239741494
"7537",7537,"2004-08-19",95.9944245746795
"7538",7538,"2004-08-20",92.997784176681
"7539",7539,"2004-08-21",90.7775982216654
"7540",7540,"2004-08-22",91.3481625887728
"7541",7541,"2004-08-23",90.6716668715032
"7542",7542,"2004-08-24",92.9636199049264
"7543",7543,"2004-08-25",102.795200236432
"7544",7544,"2004-08-26",98.9545069815492
"7545",7545,"2004-08-27",94.161489902406
"7546",7546,"2004-08-28",90.5460494385337
"7547",7547,"2004-08-29",87.563552104636
"7548",7548,"2004-08-30",84.7425070479418
"7549",7549,"2004-08-31",82.1045250642393
"7550",7550,"2004-09-01",79.7753156675588
"7551",7551,"2004-09-02",84.1210661502804
"7552",7552,"2004-09-03",92.2356074507211
"7553",7553,"2004-09-04",127.12505650161
"7554",7554,"2004-09-05",119.949599035343
"7555",7555,"2004-09-06",107.553505175625
"7556",7556,"2004-09-07",104.361363098078
"7557",7557,"2004-09-08",1791.85437489757
"7558",7558,"2004-09-09",3981.02525096024
"7559",7559,"2004-09-10",1874.24604567012
"7560",7560,"2004-09-11",939.582095108809
"7561",7561,"2004-09-12",555.989585812844
"7562",7562,"2004-09-13",384.647127742399
"7563",7563,"2004-09-14",303.833766182529
"7564",7564,"2004-09-15",264.250427245494
"7565",7565,"2004-09-16",243.302571485265
"7566",7566,"2004-09-17",1551.2457325055
"7567",7567,"2004-09-18",5321.83182165583
"7568",7568,"2004-09-19",2044.23734439849
"7569",7569,"2004-09-20",1057.20392265192
"7570",7570,"2004-09-21",654.552730332266
"7571",7571,"2004-09-22",478.822914984008
"7572",7572,"2004-09-23",393.569617578229
"7573",7573,"2004-09-24",351.250367208994
"7574",7574,"2004-09-25",328.717584035879
"7575",7575,"2004-09-26",314.146798264809
"7576",7576,"2004-09-27",304.994399101139
"7577",7577,"2004-09-28",2273.37970299622
"7578",7578,"2004-09-29",1488.89432881521
"7579",7579,"2004-09-30",922.804710234663
"7580",7580,"2004-10-01",598.832941575261
"7581",7581,"2004-10-02",456.263091973432
"7582",7582,"2004-10-03",385.714763024523
"7583",7583,"2004-10-04",350.764185408802
"7584",7584,"2004-10-05",330.937389037268
"7585",7585,"2004-10-06",317.759634080959
"7586",7586,"2004-10-07",306.935469124907
"7587",7587,"2004-10-08",297.439472588233
"7588",7588,"2004-10-09",288.637314458212
"7589",7589,"2004-10-10",280.181714220236
"7590",7590,"2004-10-11",272.110156388256
"7591",7591,"2004-10-12",264.48820667062
"7592",7592,"2004-10-13",399.67127041196
"7593",7593,"2004-10-14",515.885840253405
"7594",7594,"2004-10-15",407.841893631105
"7595",7595,"2004-10-16",335.437206108602
"7596",7596,"2004-10-17",300.11108412417
"7597",7597,"2004-10-18",280.010300213155
"7598",7598,"2004-10-19",272.000202506392
"7599",7599,"2004-10-20",284.288740378124
"7600",7600,"2004-10-21",284.731692227651
"7601",7601,"2004-10-22",270.541944632256
"7602",7602,"2004-10-23",260.055022427508
"7603",7603,"2004-10-24",258.610258936043
"7604",7604,"2004-10-25",252.742231443441
"7605",7605,"2004-10-26",245.396512707604
"7606",7606,"2004-10-27",238.043869187606
"7607",7607,"2004-10-28",277.364415865477
"7608",7608,"2004-10-29",338.26592248466
"7609",7609,"2004-10-30",315.679969305141
"7610",7610,"2004-10-31",287.426663635699
"7611",7611,"2004-11-01",262.94823300579
"7612",7612,"2004-11-02",247.55147149737
"7613",7613,"2004-11-03",236.951821030174
"7614",7614,"2004-11-04",273.031996153153
"7615",7615,"2004-11-05",334.717492389425
"7616",7616,"2004-11-06",302.340134086255
"7617",7617,"2004-11-07",267.627507110773
"7618",7618,"2004-11-08",248.061786158517
"7619",7619,"2004-11-09",236.106406176222
"7620",7620,"2004-11-10",227.353618650093
"7621",7621,"2004-11-11",220.033874093929
"7622",7622,"2004-11-12",224.500187251444
"7623",7623,"2004-11-13",523.429101199015
"7624",7624,"2004-11-14",490.952258394653
"7625",7625,"2004-11-15",342.475021133783
"7626",7626,"2004-11-16",273.314832378069
"7627",7627,"2004-11-17",239.053285029154
"7628",7628,"2004-11-18",221.548532071605
"7629",7629,"2004-11-19",211.156246903177
"7630",7630,"2004-11-20",203.380925197889
"7631",7631,"2004-11-21",197.338567041694
"7632",7632,"2004-11-22",191.589583108215
"7633",7633,"2004-11-23",192.52112491161
"7634",7634,"2004-11-24",231.308358392712
"7635",7635,"2004-11-25",1075.45182996831
"7636",7636,"2004-11-26",709.301580970663
"7637",7637,"2004-11-27",440.39870231292
"7638",7638,"2004-11-28",318.042765596486
"7639",7639,"2004-11-29",261.258254079699
"7640",7640,"2004-11-30",235.799054276348
"7641",7641,"2004-12-01",255.782543381897
"7642",7642,"2004-12-02",278.108009505026
"7643",7643,"2004-12-03",262.999652947703
"7644",7644,"2004-12-04",251.384165114297
"7645",7645,"2004-12-05",242.739995780397
"7646",7646,"2004-12-06",237.669818312799
"7647",7647,"2004-12-07",248.455318600787
"7648",7648,"2004-12-08",255.029903826784
"7649",7649,"2004-12-09",248.059193580553
"7650",7650,"2004-12-10",298.766164151218
"7651",7651,"2004-12-11",375.979558303862
"7652",7652,"2004-12-12",374.367118649037
"7653",7653,"2004-12-13",351.050548029799
"7654",7654,"2004-12-14",334.972727084425
"7655",7655,"2004-12-15",323.741409110432
"7656",7656,"2004-12-16",313.574531058534
"7657",7657,"2004-12-17",304.37404787474
"7658",7658,"2004-12-18",296.144250171472
"7659",7659,"2004-12-19",288.512095861673
"7660",7660,"2004-12-20",284.375644047247
"7661",7661,"2004-12-21",281.936406509946
"7662",7662,"2004-12-22",274.558242711824
"7663",7663,"2004-12-23",350.554975967982
"7664",7664,"2004-12-24",452.807140878091
"7665",7665,"2004-12-25",394.905563882748
"7666",7666,"2004-12-26",353.048054759631
"7667",7667,"2004-12-27",330.116322273164
"7668",7668,"2004-12-28",315.699886422476
"7669",7669,"2004-12-29",304.535965795543
"7670",7670,"2004-12-30",295.099878364729
"7671",7671,"2004-12-31",286.690476511881
"7672",7672,"2005-01-01",279.52312706939
"7673",7673,"2005-01-02",273.912802723837
"7674",7674,"2005-01-03",266.577262716397
"7675",7675,"2005-01-04",259.217106099764
"7676",7676,"2005-01-05",252.181286466736
"7677",7677,"2005-01-06",245.144179039939
"7678",7678,"2005-01-07",238.377183872979
"7679",7679,"2005-01-08",284.368875101105
"7680",7680,"2005-01-09",279.960734395801
"7681",7681,"2005-01-10",253.919854235368
"7682",7682,"2005-01-11",238.293954472118
"7683",7683,"2005-01-12",228.213370349773
"7684",7684,"2005-01-13",248.813227510338
"7685",7685,"2005-01-14",2352.43561966581
"7686",7686,"2005-01-15",1211.25088616025
"7687",7687,"2005-01-16",659.937328423579
"7688",7688,"2005-01-17",426.758098405178
"7689",7689,"2005-01-18",318.0828420834
"7690",7690,"2005-01-19",268.896423404308
"7691",7691,"2005-01-20",244.396767847866
"7692",7692,"2005-01-21",232.134618782749
"7693",7693,"2005-01-22",224.244730420464
"7694",7694,"2005-01-23",221.022204511953
"7695",7695,"2005-01-24",212.760693393551
"7696",7696,"2005-01-25",207.34531298272
"7697",7697,"2005-01-26",207.799045636875
"7698",7698,"2005-01-27",222.982852298248
"7699",7699,"2005-01-28",226.522608704415
"7700",7700,"2005-01-29",213.598166306418
"7701",7701,"2005-01-30",302.565601954908
"7702",7702,"2005-01-31",391.052559948643
"7703",7703,"2005-02-01",319.742763682118
"7704",7704,"2005-02-02",286.562950141316
"7705",7705,"2005-02-03",247.770267421611
"7706",7706,"2005-02-04",221.731350941227
"7707",7707,"2005-02-05",218.669986955102
"7708",7708,"2005-02-06",233.95967887065
"7709",7709,"2005-02-07",247.031434883127
"7710",7710,"2005-02-08",247.686730428464
"7711",7711,"2005-02-09",248.544305135038
"7712",7712,"2005-02-10",241.590350173218
"7713",7713,"2005-02-11",233.907121124651
"7714",7714,"2005-02-12",226.491300135382
"7715",7715,"2005-02-13",219.131373368484
"7716",7716,"2005-02-14",280.175869311372
"7717",7717,"2005-02-15",393.979403406661
"7718",7718,"2005-02-16",327.923688848074
"7719",7719,"2005-02-17",282.073842434146
"7720",7720,"2005-02-18",255.549797156765
"7721",7721,"2005-02-19",240.788616852314
"7722",7722,"2005-02-20",231.32992942989
"7723",7723,"2005-02-21",226.598667186785
"7724",7724,"2005-02-22",225.504156476059
"7725",7725,"2005-02-23",236.78538930222
"7726",7726,"2005-02-24",233.957378507879
"7727",7727,"2005-02-25",268.385474097741
"7728",7728,"2005-02-26",311.169511083439
"7729",7729,"2005-02-27",263.721248470207
"7730",7730,"2005-02-28",268.370157453864
"7731",7731,"2005-03-01",283.849114417462
"7732",7732,"2005-03-02",253.395472962003
"7733",7733,"2005-03-03",231.241371790506
"7734",7734,"2005-03-04",221.183286876787
"7735",7735,"2005-03-05",248.759608543221
"7736",7736,"2005-03-06",341.252546435536
"7737",7737,"2005-03-07",372.263858555119
"7738",7738,"2005-03-08",356.875955462556
"7739",7739,"2005-03-09",338.314963464167
"7740",7740,"2005-03-10",303.579220935902
"7741",7741,"2005-03-11",291.15559060902
"7742",7742,"2005-03-12",408.891404462496
"7743",7743,"2005-03-13",455.344959953487
"7744",7744,"2005-03-14",415.396646155979
"7745",7745,"2005-03-15",348.776921940743
"7746",7746,"2005-03-16",307.240049618783
"7747",7747,"2005-03-17",292.544040310336
"7748",7748,"2005-03-18",287.126901163342
"7749",7749,"2005-03-19",301.072596639047
"7750",7750,"2005-03-20",313.249678816255
"7751",7751,"2005-03-21",309.701709227159
"7752",7752,"2005-03-22",298.53379660592
"7753",7753,"2005-03-23",583.791209829904
"7754",7754,"2005-03-24",644.5174888724
"7755",7755,"2005-03-25",470.062903853936
"7756",7756,"2005-03-26",376.526940532851
"7757",7757,"2005-03-27",332.309460419839
"7758",7758,"2005-03-28",902.114552882313
"7759",7759,"2005-03-29",1761.22787761825
"7760",7760,"2005-03-30",972.167329986501
"7761",7761,"2005-03-31",622.09116782134
"7762",7762,"2005-04-01",470.260496127492
"7763",7763,"2005-04-02",909.976546491155
"7764",7764,"2005-04-03",1150.7611569804
"7765",7765,"2005-04-04",881.539795978343
"7766",7766,"2005-04-05",593.392061708404
"7767",7767,"2005-04-06",461.702831263285
"7768",7768,"2005-04-07",396.088854469672
"7769",7769,"2005-04-08",370.341191988102
"7770",7770,"2005-04-09",540.914444684982
"7771",7771,"2005-04-10",545.79776349362
"7772",7772,"2005-04-11",425.011025087172
"7773",7773,"2005-04-12",363.215061575781
"7774",7774,"2005-04-13",341.782262652845
"7775",7775,"2005-04-14",554.978070972824
"7776",7776,"2005-04-15",590.754674288845
"7777",7777,"2005-04-16",437.938709127729
"7778",7778,"2005-04-17",360.91388023934
"7779",7779,"2005-04-18",324.655983980109
"7780",7780,"2005-04-19",304.655804173942
"7781",7781,"2005-04-20",291.100746264009
"7782",7782,"2005-04-21",280.680286529454
"7783",7783,"2005-04-22",272.625285844254
"7784",7784,"2005-04-23",292.661758313583
"7785",7785,"2005-04-24",552.594634437416
"7786",7786,"2005-04-25",443.761353775742
"7787",7787,"2005-04-26",337.671241929399
"7788",7788,"2005-04-27",289.058565497975
"7789",7789,"2005-04-28",264.44712714346
"7790",7790,"2005-04-29",301.891478797123
"7791",7791,"2005-04-30",348.635808723278
"7792",7792,"2005-05-01",357.294200557831
"7793",7793,"2005-05-02",315.525200069065
"7794",7794,"2005-05-03",288.96646235458
"7795",7795,"2005-05-04",273.118414309455
"7796",7796,"2005-05-05",262.208121395627
"7797",7797,"2005-05-06",253.557171620578
"7798",7798,"2005-05-07",245.744874710843
"7799",7799,"2005-05-08",238.359518869633
"7800",7800,"2005-05-09",231.378845123898
"7801",7801,"2005-05-10",224.646655882033
"7802",7802,"2005-05-11",219.784937150592
"7803",7803,"2005-05-12",217.131063621383
"7804",7804,"2005-05-13",210.182472794777
"7805",7805,"2005-05-14",209.737219523728
"7806",7806,"2005-05-15",306.380081278542
"7807",7807,"2005-05-16",393.338867602334
"7808",7808,"2005-05-17",293.358601555555
"7809",7809,"2005-05-18",238.319416317285
"7810",7810,"2005-05-19",210.719777128769
"7811",7811,"2005-05-20",225.483641164578
"7812",7812,"2005-05-21",263.556761062289
"7813",7813,"2005-05-22",225.339048841897
"7814",7814,"2005-05-23",201.734389636354
"7815",7815,"2005-05-24",187.732348002979
"7816",7816,"2005-05-25",179.04830026938
"7817",7817,"2005-05-26",172.452904895041
"7818",7818,"2005-05-27",166.884390816298
"7819",7819,"2005-05-28",162.359933238256
"7820",7820,"2005-05-29",158.500003309988
"7821",7821,"2005-05-30",153.991930201529
"7822",7822,"2005-05-31",149.633935206462
"7823",7823,"2005-06-01",145.41363134493
"7824",7824,"2005-06-02",244.974843612565
"7825",7825,"2005-06-03",271.67410381204
"7826",7826,"2005-06-04",262.606937104723
"7827",7827,"2005-06-05",268.839705877226
"7828",7828,"2005-06-06",220.13227892149
"7829",7829,"2005-06-07",193.909120812209
"7830",7830,"2005-06-08",182.717023602481
"7831",7831,"2005-06-09",181.270085084161
"7832",7832,"2005-06-10",192.925604936951
"7833",7833,"2005-06-11",207.577456375369
"7834",7834,"2005-06-12",209.32523255259
"7835",7835,"2005-06-13",301.889085264291
"7836",7836,"2005-06-14",289.535136967647
"7837",7837,"2005-06-15",229.913962797881
"7838",7838,"2005-06-16",195.318176171732
"7839",7839,"2005-06-17",177.622770648132
"7840",7840,"2005-06-18",167.421331444216
"7841",7841,"2005-06-19",160.387892336512
"7842",7842,"2005-06-20",163.110448183214
"7843",7843,"2005-06-21",189.62748821138
"7844",7844,"2005-06-22",171.602770685052
"7845",7845,"2005-06-23",157.822941211511
"7846",7846,"2005-06-24",149.908557643447
"7847",7847,"2005-06-25",143.79680826054
"7848",7848,"2005-06-26",138.803536427123
"7849",7849,"2005-06-27",134.536017376457
"7850",7850,"2005-06-28",130.624404633602
"7851",7851,"2005-06-29",126.639337683016
"7852",7852,"2005-06-30",123.23888947562
"7853",7853,"2005-07-01",121.419768530438
"7854",7854,"2005-07-02",118.351288186776
"7855",7855,"2005-07-03",116.395551919769
"7856",7856,"2005-07-04",117.403896986235
"7857",7857,"2005-07-05",119.1516150935
"7858",7858,"2005-07-06",123.38984881747
"7859",7859,"2005-07-07",128.422026517486
"7860",7860,"2005-07-08",494.672934574186
"7861",7861,"2005-07-09",395.012020257299
"7862",7862,"2005-07-10",240.1864943888
"7863",7863,"2005-07-11",169.746465603577
"7864",7864,"2005-07-12",147.286296595139
"7865",7865,"2005-07-13",166.877923362022
"7866",7866,"2005-07-14",152.32230676598
"7867",7867,"2005-07-15",171.836175150619
"7868",7868,"2005-07-16",415.835381959386
"7869",7869,"2005-07-17",531.128839246414
"7870",7870,"2005-07-18",411.6472377512
"7871",7871,"2005-07-19",271.509631781215
"7872",7872,"2005-07-20",268.076259603302
"7873",7873,"2005-07-21",240.404086311829
"7874",7874,"2005-07-22",187.466706746515
"7875",7875,"2005-07-23",160.302734799376
"7876",7876,"2005-07-24",146.670658271439
"7877",7877,"2005-07-25",137.295902151174
"7878",7878,"2005-07-26",130.553779054824
"7879",7879,"2005-07-27",125.376664640691
"7880",7880,"2005-07-28",121.430068430331
"7881",7881,"2005-07-29",133.742435316692
"7882",7882,"2005-07-30",136.858678395017
"7883",7883,"2005-07-31",155.967887371696
"7884",7884,"2005-08-01",156.232546712511
"7885",7885,"2005-08-02",144.635973258693
"7886",7886,"2005-08-03",138.083190381694
"7887",7887,"2005-08-04",136.371994091576
"7888",7888,"2005-08-05",129.379947951655
"7889",7889,"2005-08-06",123.916712462934
"7890",7890,"2005-08-07",119.920743642098
"7891",7891,"2005-08-08",132.420444163149
"7892",7892,"2005-08-09",134.212902241578
"7893",7893,"2005-08-10",144.914654290445
"7894",7894,"2005-08-11",150.151176416356
"7895",7895,"2005-08-12",138.824574711032
"7896",7896,"2005-08-13",129.698872904181
"7897",7897,"2005-08-14",123.974014067486
"7898",7898,"2005-08-15",119.757499126834
"7899",7899,"2005-08-16",115.329258079824
"7900",7900,"2005-08-17",112.428148117194
"7901",7901,"2005-08-18",125.173431091322
"7902",7902,"2005-08-19",146.258044368636
"7903",7903,"2005-08-20",151.346176685188
"7904",7904,"2005-08-21",142.438600663803
"7905",7905,"2005-08-22",134.415921419139
"7906",7906,"2005-08-23",128.537040017694
"7907",7907,"2005-08-24",123.926587834047
"7908",7908,"2005-08-25",119.978117866865
"7909",7909,"2005-08-26",116.303729017602
"7910",7910,"2005-08-27",114.270567758864
"7911",7911,"2005-08-28",111.168386921628
"7912",7912,"2005-08-29",107.347103047578
"7913",7913,"2005-08-30",107.32519585201
"7914",7914,"2005-08-31",225.092596584786
"7915",7915,"2005-09-01",171.031055995393
"7916",7916,"2005-09-02",139.50171394706
"7917",7917,"2005-09-03",121.181742340774
"7918",7918,"2005-09-04",110.45995742287
"7919",7919,"2005-09-05",103.922330642809
"7920",7920,"2005-09-06",99.4474129023955
"7921",7921,"2005-09-07",95.957428089344
"7922",7922,"2005-09-08",92.9284536264676
"7923",7923,"2005-09-09",90.1556089264331
"7924",7924,"2005-09-10",87.5287283975704
"7925",7925,"2005-09-11",85.0104998653353
"7926",7926,"2005-09-12",82.6297573664584
"7927",7927,"2005-09-13",80.2895616717226
"7928",7928,"2005-09-14",77.9981442451536
"7929",7929,"2005-09-15",75.7500041508643
"7930",7930,"2005-09-16",73.5501374871996
"7931",7931,"2005-09-17",71.8137542590534
"7932",7932,"2005-09-18",69.720123064127
"7933",7933,"2005-09-19",67.6277963156047
"7934",7934,"2005-09-20",65.663191025068
"7935",7935,"2005-09-21",63.7907247494079
"7936",7936,"2005-09-22",61.9808973817453
"7937",7937,"2005-09-23",60.2163306637154
"7938",7938,"2005-09-24",58.4839294877019
"7939",7939,"2005-09-25",56.870129297894
"7940",7940,"2005-09-26",56.0759947063883
"7941",7941,"2005-09-27",61.5856379507086
"7942",7942,"2005-09-28",63.437831772132
"7943",7943,"2005-09-29",61.4618016691667
"7944",7944,"2005-09-30",60.4295773730382
